"spirits" "unemp" "income" "emppop" "beertax" "baptist" "mormon" "drinkage" "dry" "youngdrivers" "miles" "fatal" "pop" "pop1517" "pop1820" "pop2124" "milestot" "unempus" "emppopus" "gsp"
"1" 1.37000000476837 14.3999996185303 10544.15234375 50.6920394897461 1.53937947750092 30.3556995391846 0.328289985656738 19 25.0062999725342 0.211572006344795 7233.88720703125 839 3942002.25 208999.59375 221553.4375 290000.0625 28516 9.69999980926514 57.7999992370605 -0.0221247598528862
"2" 1.36000001430511 13.6999998092651 10732.7978515625 52.147029876709 1.78899073600769 30.3335990905762 0.343409985303879 19 22.9941997528076 0.21076799929142 7836.34765625 930 3960008 202000.078125 219125.46875 290000.15625 31032 9.60000038146973 57.9000015258789 0.046558253467083
"3" 1.32000005245209 11.1000003814697 11108.791015625 54.1680870056152 1.71428561210632 30.3115005493164 0.359239995479584 19 24.0426006317139 0.211484000086784 8262.990234375 932 3988991.75 196999.96875 216724.09375 288000.15625 32961 7.5 59.5000038146973 0.062797836959362
"4" 1.27999997138977 8.89999961853027 11332.626953125 55.2711372375488 1.65254235267639 30.2894992828369 0.375789999961853 19.6700000762939 23.6338996887207 0.211140006780624 8726.9169921875 882 4021007.75 194999.734375 214349.03125 284000.3125 35091 7.19999980926514 60.1000022888184 0.0274899732321501
"5" 1.23000001907349 9.80000019073486 11661.5068359375 56.5144958496094 1.60990703105927 30.2674007415771 0.393110007047653 21 23.4647006988525 0.21340000629425 8952.853515625 1081 4049993.75 203999.890625 212000 263000.28125 36259 7 60.7000007629395 0.032142948359251
"6" 1.17999994754791 7.80000019073486 11944 57.509880065918 1.55999994277954 30.2453002929688 0.411229997873306 21 23.7924003601074 0.21552699804306 9166.3017578125 1110 4082999 204999.8125 208998.453125 258999.765625 37426 6.19999980926514 61.5 0.0489763729274273
"7" 1.16999995708466 7.19999980926514 12368.6240234375 56.834529876709 1.50144362449646 30.2233009338379 0.430180013179779 21 23.7924003601074 0.21832799911499 9674.3232421875 1023 4101992.25 201000.125 193000.515625 262999.78125 39684 5.5 62.3000030517578 0.0353918187320232
"8" 1.97000002861023 9.89999961853027 12309.0693359375 56.8932952880859 0.214797139167786 3.958899974823 4.91909980773926 19 0 0.209012001752853 6810.15673828125 724 2896996.5 140999.984375 156378.703125 217999.984375 19729 9.69999980926514 57.7999992370605 -0.0431818999350071
"9" 1.89999997615814 9.10000038146973 12693.8076171875 57.5536308288574 0.206422030925751 3.89010000228882 4.83106994628906 19 0 0.203854992985725 6587.49462890625 675 2977004.25 138999.890625 157521.4375 218999.890625 19611 9.60000038146973 57.9000015258789 0.0762055367231369
"10" 2.14000010490417 5 13265.93359375 60.379020690918 0.296703308820724 3.8225998878479 4.74460983276367 19 0 0.209126994013786 6709.97021484375 869 3071995.75 138000.078125 158672.53125 219999.96875 20613 7.5 59.5000038146973 0.106213971972466
"11" 1.86000001430511 6.5 13726.6953125 58.6485328674316 0.381355941295624 3.75620007514954 4.65970993041992 21 0 0.188427999615669 6771.2626953125 893 3186998 140000.0625 159832.03125 220000 21580 7.19999980926514 60.1000022888184 0.0781956017017365
"12" 1.77999997138977 6.90000009536743 14107.3271484375 60.2801818847656 0.371517032384872 3.69099998474121 4.5763201713562 21 0 0.17153899371624 8129.0078125 1007 3278998 148000.140625 161000 210999.90625 26655 7 60.7000007629395 0.0677125155925751
"13" 1.72000002861023 6.19999980926514 14241 60.2150573730469 0.360000014305115 3.62689995765686 4.49442005157471 21 0 0.168724000453949 9370.654296875 937 3385996.25 149000.21875 162000.296875 211999.90625 31729 6.19999980926514 61.5 0.0641113221645355
"14" 1.67999994754791 6.30000019073486 14408.0849609375 60.4976654052734 0.346487015485764 3.56399989128113 4.41399002075195 21 0 0.16100500524044 9815.720703125 944 3488995 147999.9375 157000.65625 218000.046875 34247 5.5 62.3000030517578 0.0265678428113461
"15" 1.19000005722046 9.80000019073486 10267.302734375 54.4758567810059 0.650358021259308 22.9671993255615 0.328289985656738 21 36.7127990722656 0.20490300655365 7208.50048828125 550 2306998.5 121999.9921875 121269.5 157000.015625 16630 9.69999980926514 57.7999992370605 -0.0347338244318962
"16" 1.20000004768372 10.1000003814697 10433.486328125 53.8147926330566 0.67545872926712 23.0009002685547 0.343409985303879 21 36.4300994873047 0.194168999791145 7175.9169921875 557 2324999 118000.0703125 120698.1015625 159000.171875 16684 9.60000038146973 57.9000015258789 0.040144395083189
"17" 1.22000002861023 8.89999961853027 10916.4833984375 54.6712799072266 0.598901093006134 23.0345993041992 0.359239995479584 21 36.1040000915527 0.186379998922348 7084.81982421875 525 2346001.75 115000.0703125 120129.390625 162000.09375 16621 7.5 59.5000038146973 0.0835973173379898
"18" 1.12000000476837 8.69999980926514 11149.3642578125 54.9771194458008 0.577330529689789 23.0683994293213 0.375789999961853 21 35.9049987792969 0.189291998744011 7253.91796875 534 2359001 113000.0234375 119563.3671875 161000.125 17112 7.19999980926514 60.1000022888184 0.00460217893123627
"19" 0.920000016689301 8.69999980926514 11399.380859375 55.5618629455566 0.562435507774353 23.1021995544434 0.393110007047653 21 39.5695991516113 0.161956995725632 7468.9990234375 603 2371000.5 115000.078125 119000 145000.015625 17709 7 60.7000007629395 0.0297692362219095
"20" 1.00999999046326 8.10000038146973 11537 56.3308944702148 0.545000016689301 23.136100769043 0.411229997873306 21 39.287899017334 0.164131999015808 7665.83056640625 639 2387999.5 115999.9921875 117000.875 142000.140625 18306 6.19999980926514 61.5 0.0019300312269479
"21" 0.990000009536743 7.69999980926514 11760.3466796875 57.3669509887695 0.52454286813736 23.1700000762939 0.430180013179779 21 39.287899017334 0.167540997266769 8024.62548828125 610 2395002.75 114000.03125 109999.1015625 145999.921875 19219 5.5 62.3000030517578 0.0337335057556629
"22" 2.21000003814697 9.89999961853027 15797.1357421875 59.5159301757812 0.107398569583893 1.72309994697571 1.67853999137878 21 0 0.190195992588997 6858.6767578125 4615 24785976 1157001.75 1321004.375 1892998.125 169999 9.69999980926514 57.7999992370605 -0.0116860223934054
"23" 2.15000009536743 9.69999980926514 15970.18359375 59.2523345947266 0.103211015462875 1.73469996452332 1.66791999340057 21 0 0.183568999171257 7216.29150390625 4573 25311062 1126000.5 1309863.125 1886001.75 182652 9.60000038146973 57.9000015258789 0.0530366823077202
"24" 2.0699999332428 7.80000019073486 16590.109375 60.6982574462891 0.0989011004567146 1.74639999866486 1.65735995769501 21 0 0.174131006002426 7619.17578125 5020 25795048 1104999.875 1298815.875 1873999.125 196537 7.5 59.5000038146973 0.0724609941244125
"25" 1.97000002861023 7.19999980926514 16985.169921875 61.3317070007324 0.0953389853239059 1.75820004940033 1.6468700170517 21 0 0.167896002531052 7874.06689453125 4960 26365028 1106000.25 1287861.75 1854998.5 207600 7.19999980926514 60.1000022888184 0.0483305044472218
"26" 1.85000002384186 6.69999980926514 17356.037109375 62.0084686279297 0.0928792580962181 1.77009999752045 1.63644003868103 21 0 0.164370998740196 8034.91015625 5253 27001048 1172000.25 1277000 1766998.875 216951 7 60.7000007629395 0.0466814301908016
"27" 1.77999997138977 5.80000019073486 17846 63.0742950439453 0.0900000035762787 1.7820999622345 1.62608003616333 21 0 0.160681992769241 8180.63330078125 5504 27663018 1163001.25 1268012.75 1753999.75 226301 6.19999980926514 61.5 0.0697363466024399
"29" 2.25 7.69999980926514 15082.3388671875 64.9667358398438 0.214797139167786 2.29999995231628 1.82300996780396 21 0.113150998950005 0.229148000478745 7742.841796875 668 3071998.75 143000.140625 169956.84375 246000.046875 23786 9.69999980926514 57.7999992370605 0.0120430486276746
"30" 2.15000009536743 6.59999990463257 15131.880859375 67.3002166748047 0.206422030925751 2.29999995231628 1.83461999893188 21 0.0908219963312149 0.207657992839813 7656.06298828125 646 3149007.5 139999.875 167671.96875 243000.109375 24109 9.60000038146973 57.9000015258789 0.029179397970438
"31" 2.15000009536743 5.59999990463257 15486.8134765625 68.6624221801758 0.197802200913429 2.29999995231628 1.8463100194931 21 0.0758619979023933 0.192155003547668 7707.8525390625 608 3189993.5 137000.109375 165417.8125 239000.078125 24588 7.5 59.5000038146973 0.055347241461277
"32" 2.04999995231628 5.90000009536743 15569.9150390625 67.8541488647461 0.190677970647812 2.29999995231628 1.85808002948761 21 0.0748990029096603 0.192028000950813 8092.20947265625 579 3231008.75 137000.234375 163193.953125 232999.765625 26146 7.19999980926514 60.1000022888184 0.0243076477199793
"33" 1.80999994277954 7.40000009536743 15616.0986328125 64.9834442138672 0.185758516192436 2.29999995231628 1.86991000175476 21 0.0740970000624657 0.192100003361702 8131.37451171875 603 3265991.5 147000.015625 161000 220999.796875 26557 7 60.7000007629395 0.0165260955691338
"34" 1.77999997138977 7.69999980926514 15605 64.2182998657227 0.180000007152557 2.29999995231628 1.88182997703552 21 0.0580700002610683 0.192999005317688 8182.02783203125 591 3296004.5 143999.828125 156999.5625 216000.109375 26968 6.19999980926514 61.5 -0.0235823094844818
"35" 1.74000000953674 6.40000009536743 15845.04296875 65.3044509887695 0.173243507742882 2.29999995231628 1.89382004737854 21 0.0580700002610683 0.180260002613068 8380.7685546875 497 3301009.75 136000.03125 149001.015625 208999.71875 27664.998046875 5.5 62.3000030517578 0.00862604565918446
"36" 2.42000007629395 6.90000009536743 17255.369140625 61.729419708252 0.224343672394753 0.100000001490116 0.233309999108315 18.5 0.227054998278618 0.192840993404388 6440.0537109375 515 3126992.5 169999.828125 162300.140625 216000.203125 20138 9.69999980926514 57.7999992370605 -0.00298800622113049
"37" 2.46000003814697 6 17744.265625 62.2944068908691 0.233563080430031 0.100000001490116 0.251980006694794 19.25 0.0828030034899712 0.189349994063377 6570.04296875 438 3140010 164000.25 160443.484375 215999.875 20630 9.60000038146973 57.9000015258789 0.0736263245344162
"38" 2.41000008583069 4.59999990463257 18760.439453125 65.0346832275391 0.248010993003845 0.100000001490116 0.272159993648529 20 0.0806339979171753 0.181857004761696 6680.19287109375 469 3154998.75 158999.890625 158608.078125 216000 21076 7.5 59.5000038146973 0.0778200030326843
"39" 2.41000008583069 4.90000009536743 19312.5 65.9109268188477 0.239078402519226 0.100000001490116 0.293949991464615 20.3299999237061 0.0801509991288185 0.178947001695633 6979.21484375 448 3173996 155000.3125 156793.65625 216000.21875 22152 7.19999980926514 60.1000022888184 0.0505844913423061
"40" 2.30999994277954 3.79999995231628 20152.734375 67.2427673339844 0.232910230755806 0.100000001490116 0.317479997873306 21 0.0798619985580444 0.171669006347656 7661.74462890625 450 3193006.5 152000.03125 155000 2e+05 24464 7 60.7000007629395 0.0636906549334526
"41" 2.25 3.29999995231628 21192 67.6376724243164 0.225690007209778 0.100000001490116 0.342900007963181 21 0.0809720009565353 0.166008993983269 8338.5341796875 449 3210996 145999.84375 150000 194000.0625 26775 6.19999980926514 61.5 0.0757368803024292
"42" 2.15000009536743 3 22193.455078125 67.06396484375 0.217218488454819 0.100000001490116 0.370350003242493 21 0.0809720009565353 0.157067999243736 8061.2353515625 484 3233003.25 135999.828125 143000.5 201999.796875 26062 5.5 62.3000030517578 0.0512114241719246
"43" 2.58999991416931 8.5 14263.7236328125 60.3104248046875 0.173031017184258 0.699999988079071 0.200000002980232 20 0 0.205542996525764 7651.65380859375 122 600001 31000.0625 36772.8984375 47999.96484375 4591 9.69999980926514 57.7999992370605 0.00796853099018335
"44" 2.63000011444092 8.10000038146973 14500 59.8684196472168 0.166284397244453 0.699999988079071 0.200000002980232 20 0 0.199483007192612 8062.69970703125 110 606000.5 29999.962890625 36059.1640625 48000 4886 9.60000038146973 57.9000015258789 0.0567112825810909
"45" 2.5699999332428 6.19999980926514 14925.2744140625 62.4190101623535 0.159340649843216 0.699999988079071 0.200000002980232 21 0 0.19318200647831 8368.0625 130 614001.125 29000.0078125 35359.27734375 47000.015625 5138 7.5 59.5000038146973 0.052361223846674
"46" 2.54999995231628 5.30000019073486 15408.8984375 63.5593223571777 0.153601691126823 0.699999988079071 0.200000002980232 21 0 0.18334199488163 8625.4248046875 104 621998.375 27999.998046875 34672.9765625 46999.94921875 5365 7.19999980926514 60.1000022888184 0.0378007479012012
"47" 2.42000007629395 4.30000019073486 15822.4970703125 64.5833282470703 0.149638801813126 0.699999988079071 0.200000002980232 21 0 0.177616998553276 9045.8173828125 136 632999.75 28999.96484375 34000 41000.02734375 5726 7 60.7000007629395 0.0399404913187027
"48" 2.36999988555908 3.20000004768372 16407 65.5102005004883 0.144999995827675 0.699999988079071 0.200000002980232 21 0 0.169046998023987 9450.3076171875 146 644000.1875 28999.984375 33999.47265625 40999.9921875 6086 6.19999980926514 61.5 0.0614631175994873
"49" 2.3199999332428 3.20000004768372 16998.07421875 67.5999984741211 0.139557257294655 0.699999988079071 0.200000002980232 21 0 0.158750995993614 9703.0205078125 160 660000.6875 27999.962890625 30000.15625 45000.04296875 6404 5.5 62.3000030517578 0.0714475437998772
"50" 2.50999999046326 8.19999980926514 13502.38671875 53.4878005981445 1.07398569583893 9.15260028839111 0.400000005960464 19 0 0.18147599697113 7587.1298828125 2653 10478007 476999.28125 492108.40625 687999.9375 79498 9.69999980926514 57.7999992370605 0.00538539653643966
"51" 2.46000003814697 8.60000038146973 13924.3115234375 53.7270774841309 1.17041277885437 8.93669986724854 0.400000005960464 19 0 0.177945002913475 7604.25439453125 2686 10753980 467000.40625 497250.15625 701000.1875 81776 9.60000038146973 57.9000015258789 0.0770847946405411
"52" 2.34999990463257 6.30000019073486 14307.6923828125 55.6210289001465 1.1868132352829 8.72599983215332 0.400000005960464 19 0 0.178719997406006 7735.3046875 2814 11049985 459000.5625 502445.65625 713000.6875 85475 7.5 59.5000038146973 0.0808424204587936
"53" 2.26999998092651 6 14760.5927734375 56.3685340881348 1.14406788349152 8.5201997756958 0.400000005960464 20 0 0.170072004199028 7747.31103515625 2832 11366008 456999.78125 507695.375 718999.75 88056 7.19999980926514 60.1000022888184 0.0592894107103348
"54" 2.24000000953674 5.69999980926514 15102.1669921875 57.440544128418 1.11455118656158 8.31929969787598 0.400000005960464 21 0 0.162554994225502 7768.755859375 2830 11694022 474999.375 513000 670999.5 90848 7 60.7000007629395 0.0535695888102055
"55" 2.17000007629395 5.30000019073486 15584 58.9433479309082 1.08000004291534 8.12310028076172 0.400000005960464 21 0 0.16125799715519 7788.33056640625 2839 12022987 483000.40625 512994.34375 670000.25 93639 6.19999980926514 61.5 0.0625311434268951
"56" 2.07999992370605 5 15979.7880859375 59.7909317016602 1.03946101665497 7.93160009384155 0.400000005960464 21 0 0.157563000917435 8538.23046875 3078 12334992 477000.28125 492000.59375 698999.9375 105319.0078125 5.5 62.3000030517578 0.0507521443068981
"57" 1.94000005722046 7.80000019073486 11774.462890625 60.0734405517578 2.72076368331909 24.656099319458 0.426409989595413 19 0.498939990997314 0.21026399731636 8623.4443359375 1229 5650990.5 303999.625 323855.625 420999.78125 48731.00390625 9.69999980926514 57.7999992370605 0.00609816052019596
"58" 1.99000000953674 7.5 12237.3857421875 59.8554191589355 2.61467885971069 24.388500213623 0.440259993076324 19 0.499909996986389 0.206981003284454 8518.58984375 1296 5732991 297000.3125 324141.34375 427000.3125 48837 9.60000038146973 57.9000015258789 0.0790373906493187
"59" 1.97000002861023 6 12957.142578125 61.2119789123535 2.5054943561554 24.1238994598389 0.45456001162529 19 0.450190007686615 0.20533199608326 8641.9140625 1410 5841993 293000.125 324427.3125 432999.75 50486 7.5 59.5000038146973 0.102004937827587
"60" 1.92999994754791 6.5 13364.4072265625 61.6513786315918 2.41525411605835 23.8621006011963 0.469319999217987 19.25 0.433169990777969 0.194928005337715 8988.107421875 1361 5976008 294000.21875 324713.53125 439000.46875 53713 7.19999980926514 60.1000022888184 0.0524055920541286
"61" 1.76999998092651 5.90000009536743 13891.640625 63.3033676147461 2.35294103622437 23.6032009124756 0.484569996595383 20.25 0.424589991569519 0.188868999481201 9344.767578125 1530 6099991.5 310999.71875 325000 411999.78125 57003.00390625 7 60.7000007629395 0.0652950927615166
"62" 1.75 5.5 14306 63.3208885192871 2.27999997138977 23.3470993041992 0.500299990177155 21 0.207279995083809 0.184329003095627 9690.28125 1599 6222007.5 315000.125 324000.1875 411000.09375 60293.00390625 6.19999980926514 61.5 0.0648059695959091
"63" 1.72000002861023 5.80000019073486 14687.19921875 64.063850402832 2.19441771507263 23.0937995910645 0.516560018062592 21 0.207279995083809 0.174882993102074 9817.3955078125 1653 6342008 312000.03125 307001.8125 425000 62262 5.5 62.3000030517578 0.0443215593695641
"64" 1.38999998569489 9.80000019073486 11078.7587890625 58.8235321044922 0.402744650840759 1.02368998527527 25.1574993133545 19 0 0.233786001801491 8033.751953125 256 977998.8125 47999.97265625 52247.95703125 69000.015625 7857 9.69999980926514 57.7999992370605 -0.054120309650898
"65" 1.29999995231628 9.80000019073486 11346.330078125 59.8550720214844 0.387041300535202 1.03574001789093 24.9878997802734 19 0 0.228551000356674 8387.6416015625 263 988001.25 46999.9921875 51676.6640625 69000.015625 8287 9.60000038146973 57.9000015258789 0.0452079996466637
"66" 1.27999997138977 7.19999980926514 11386.8134765625 61.3733901977539 0.370879113674164 1.04794001579285 24.8195991516113 19 0 0.218235999345779 7775.76806640625 242 999001 47000.02734375 51111.6171875 68000.015625 7768 7.5 59.5000038146973 0.0387286804616451
"67" 1.17999994754791 7.90000009536743 11459.74609375 61.285717010498 0.357521206140518 1.0602799654007 24.6522998809814 19 0 0.212605997920036 7671.6318359375 255 1005001.3125 47000.015625 50552.75390625 64999.94140625 7710 7.19999980926514 60.1000022888184 0.0210429318249226
"68" 1.12000000476837 8.69999980926514 11541.7958984375 61.1032562255859 0.348297208547592 1.07276999950409 24.4862003326416 19 0 0.207312002778053 7899.20068359375 258 1002000.125 49000.03125 50000 62999.94140625 7915 7 60.7000007629395 -0.015105813741684
"69" 1.05999994277954 8 11859 61.1814308166504 0.337500005960464 1.08539998531342 24.3211994171143 20.5 0 0.202262997627258 8135.2685546875 262 998000.25 48999.95703125 48000.2265625 61000.00390625 8119 6.19999980926514 61.5 0.000564252724871039
"70" 1.07000005245209 5.80000019073486 12189.60546875 62.9009780883789 0.324831575155258 1.09818005561829 24.1573009490967 21 0 0.189994007349014 8102.68212890625 257 1003001.1875 48000.03515625 46999.83984375 56999.9765625 8127 5.5 62.3000030517578 0.0495874583721161
"71" 2.03999996185303 11.3000001907349 14743.4365234375 58.0743179321289 0.188544154167175 2.34697008132935 0.233300000429153 21 6.40355014801025 0.209362000226974 5696.53466796875 1651 11478031 583000.5625 618339 839999 65385 9.69999980926514 57.7999992370605 -0.0399355478584766
"72" 1.96000003814697 11.3999996185303 14745.4130859375 57.7456588745117 0.181192666292191 2.37081003189087 0.252000004053116 21 6.3963098526001 0.205004006624222 5862.8681640625 1526 11490963 559998.625 605350.75 827000.0625 67370 9.60000038146973 57.9000015258789 0.0109066776931286
"73" 1.92999994754791 9.10000038146973 15390.1103515625 59.136287689209 0.173626378178596 2.39490008354187 0.272199988365173 21 6.37909984588623 0.195511996746063 6067.5283203125 1547 11521990 541001.3125 592635.25 816000.625 69910 7.5 59.5000038146973 0.0689042061567307
"74" 1.86000001430511 9 15602.75390625 59.7035636901855 0.16737288236618 2.41922998428345 0.293900012969971 21 6.37191009521484 0.192187994718552 6141.67626953125 1534 11534962 529999.4375 580186.875 796998.875 70844 7.19999980926514 60.1000022888184 0.0187625400722027
"75" 1.75 8.10000038146973 15988.6484375 60.3432426452637 0.163054704666138 2.4438099861145 0.317499995231628 21 4.47320985794067 0.185556992888451 6345.77734375 1596 11550988 541000.875 568000 741999.3125 73300 7 60.7000007629395 0.0308807697147131
"76" 1.67999994754791 7.40000009536743 16417 60.9998893737793 0.158000007271767 2.46863007545471 0.342900007963181 21 4.46122980117798 0.182501003146172 6540.84619140625 1660 11581988 531999.8125 552998.3125 723000.75 75756 6.19999980926514 61.5 0.026368385180831
"77" 1.62999999523163 6.80000019073486 16915.302734375 61.5970840454102 0.152069300413132 2.49371004104614 0.370299994945526 21 4.46122980117798 0.170911997556686 6757.61279296875 1837 11614013 508001 517994.125 730998.875 78483 5.5 62.3000030517578 0.0450503379106522
"78" 1.44000005722046 11.8999996185303 12282.81640625 56.422924041748 0.30913245677948 1.80443000793457 0.328299999237061 21 0 0.202989995479584 7149.91748046875 961 5483000.5 284000.28125 310440.28125 412000.03125 39203 9.69999980926514 57.7999992370605 -0.0645199194550514
"79" 1.38999998569489 11.1000003814697 12364.6787109375 56.4842224121094 0.297079116106033 1.85901999473572 0.343400001525879 21 0 0.18019799888134 7277.50634765625 1016 5473990.5 271999.53125 303874.875 404999.78125 39837 9.60000038146973 57.9000015258789 0.015555702149868
"80" 1.38999998569489 8.60000038146973 13008.791015625 58.7196464538574 0.284673631191254 1.91526997089386 0.359200000762939 21 0 0.103285998106003 7478.88720703125 925 5491993.5 263999.9375 297448.28125 399000.46875 41074 7.5 59.5000038146973 0.0773051679134369
"81" 1.38999998569489 7.90000009536743 13161.0166015625 61.4369506835938 0.274420529603958 1.97320997714996 0.375800013542175 21 0 0.18511900305748 7416.2529296875 974 5499003.5 259999.859375 291157.625 388000.1875 40782 7.19999980926514 60.1000022888184 0.0168914683163166
"82" 1.27999997138977 6.69999980926514 13582.04296875 62.4514579772949 0.267340540885925 2.03291988372803 0.393099993467331 21 0 0.120420001447201 7714.322265625 1038 5503011 270000.375 285000 358000.03125 42452 7 60.7000007629395 0.0307621546089649
"83" 1.28999996185303 6.40000009536743 13937 61.9288139343262 0.259052991867065 2.09441995620728 0.411199986934662 21 0 0.0976620018482208 7977.2158203125 1055 5531002.5 270000.28125 278998.96875 351000.34375 44122 6.19999980926514 61.5 0.0409886389970779
"84" 1.27999997138977 5.30000019073486 14363.8115234375 63.4064903259277 0.249329149723053 2.15778994560242 0.430200010538101 21 0 0.0731370002031326 9201.576171875 1101 5556004.5 260999.6875 260001.171875 357999.75 51124 5.5 62.3000030517578 0.0364387519657612
"85" 1.25 8.5 12968.9736328125 60.0277900695801 0.375894993543625 0.466610014438629 0.328299999237061 19 0 0.216398999094963 6653.26318359375 480 2906994.5 144000.046875 159388.625 215999.6875 19341 9.69999980926514 57.7999992370605 -0.0895124301314354
"86" 1.23000001907349 8.10000038146973 12573.39453125 60.444652557373 0.361238539218903 0.50397002696991 0.343400001525879 19 0 0.204322993755341 6770.3076171875 514 2904004 137999.921875 155393.765625 211999.75 19661 9.60000038146973 57.9000015258789 -0.0511713586747646
"87" 1.1599999666214 7 13203.296875 60.7407379150391 0.346153855323792 0.544319987297058 0.359200000762939 19 0 0.193046003580093 7060.63037109375 420 2902998.5 132999.71875 151499.046875 207000.3125 20497 7.5 59.5000038146973 0.067845031619072
"88" 1.10000002384186 8 13351.6953125 60.4932556152344 0.33368644118309 0.58789998292923 0.375793993473053 19 0 0.184236004948616 7001.03759765625 474 2884001 128999.8671875 147701.9375 198000.203125 20191 7.19999980926514 60.1000022888184 -0.019883481785655
"89" 0.980000019073486 7 13812.177734375 62.523365020752 0.383126944303513 0.634999990463257 0.393110990524292 20 0 0.178267002105713 7192.990234375 441 2849997 132000.046875 144000 176999.75 20500 7 60.7000007629395 0.0143715273588896
"90" 1.03999996185303 5.5 14284 64.0318069458008 0.427500009536743 0.685800015926361 0.411226987838745 21 0 0.172570005059242 7342.25732421875 491 2834005.75 128000 138000.25 169999.875 20808 6.19999980926514 61.5 -0.0128074986860156
"91" 0.959999978542328 4.5 14111.6455078125 66.6821746826172 0.484926879405975 0.740700006484985 0.430177003145218 21 0 0.15633000433445 7730.0634765625 557 2834000 120000.1171875 125999.9921875 174000.09375 21907 5.5 62.3000030517578 0.0249414313584566
"92" 1.28999996185303 6.30000019073486 14094.2724609375 62.7329177856445 0.484009563922882 3.19659996032715 0.426407009363174 21 0 0.213104993104935 7333.0693359375 498 2407995.75 111000.1171875 134654.734375 185000.09375 17658 9.69999980926514 57.7999992370605 -0.0154056055471301
"93" 1.23000001907349 6.09999990463257 13917.431640625 62.4439468383789 0.465137630701065 3.24609994888306 0.440257012844086 21 0 0.204552993178368 7479.61083984375 411 2426998 105999.9453125 131373.015625 182000.1875 18153 9.60000038146973 57.9000015258789 0.00948261376470327
"94" 1.21000003814697 5.19999980926514 14308.791015625 63.1197738647461 0.445714294910431 3.29629993438721 0.454557001590729 21 0 0.195034995675087 7670.8876953125 510 2440004.5 102000.15625 128171.28125 176999.90625 18717 7.5 59.5000038146973 0.05495385825634
"95" 1.22000002861023 5 14631.35546875 65.5518417358398 0.42966103553772 3.34730005264282 0.469321012496948 21 0 0.190181002020836 7867.33349609375 486 2450004.25 100999.8984375 125047.578125 168999.875 19275 7.19999980926514 60.1000022888184 0.0107860453426838
"96" 1.13999998569489 5.40000009536743 14977.2958984375 64.40771484375 0.41857585310936 3.39910006523132 0.484564989805222 21 0 0.183509007096291 8100.05322265625 500 2458996.25 107000.0625 122000 156000.046875 19918 7 60.7000007629395 0.0250776316970587
"97" 1.08000004291534 4.90000009536743 15152 65.7751083374023 0.405600011348724 3.45160007476807 0.500304996967316 21 0 0.179385006427765 8304.130859375 491 2475996.5 104999.984375 118000.8359375 151999.84375 20560.998046875 6.19999980926514 61.5 0.0028574934694916
"98" 1.08000004291534 4.80000019073486 15167.46875 66.1430130004883 0.390375375747681 3.50500011444092 0.51655501127243 21 0 0.170375004410744 8481.35546875 483 2495002.25 102000.1015625 110000.7421875 152000.125 21161.001953125 5.5 62.3000030517578 0.0206855479627848
"99" 1.42999994754791 10.6000003814697 11071.5986328125 55.8398246765137 0.215990453958511 24.0410995483398 0.300000011920929 21 39.4533004760742 0.195235997438431 6937.4658203125 822 3694000.25 193999.890625 208284.1875 276999.90625 25627 9.69999980926514 57.7999992370605 -0.027683861553669
"100" 1.37999999523163 11.6999998092651 10913.9912109375 55.2205848693848 0.207568794488907 23.9127006530762 0.300000011920929 21 39.2407989501953 0.202714994549751 7194.142578125 778 3713993.75 187000.15625 205142.796875 276999.96875 26719 9.60000038146973 57.9000015258789 0.0128026809543371
"101" 1.29999995231628 9.30000019073486 11441.7578125 56.9022369384766 0.19890108704567 23.7849998474121 0.300000011920929 21 40.3540992736816 0.191641002893448 7513.703125 754 3720003.25 181000.234375 202048.765625 273999.96875 27951 7.5 59.5000038146973 0.0646127387881279
"102" 1.27999997138977 9.5 11405.720703125 55.8994903564453 0.191737279295921 23.6578998565674 0.300000011920929 21 39.1035995483398 0.202641993761063 7654.33544921875 712 3725993 176999.875 199001.40625 269000.34375 28520 7.19999980926514 60.1000022888184 -0.00249019078910351
"103" 1.16999995708466 9.30000019073486 11602.68359375 55.5797119140625 0.186790496110916 23.5314998626709 0.300000011920929 21 45.7920989990234 0.179629996418953 7859.62060546875 805 3726006.75 182999.9375 196000 246000.15625 29285 7 60.7000007629395 0.010347225703299
"104" 1.1599999666214 8.80000019073486 12008 55.3873901367188 0.180999994277954 23.4057998657227 0.300000011920929 21 45.7798004150391 0.173934996128082 8135.244140625 844 3726993.25 183000.1875 192002.109375 239999.8125 30320 6.19999980926514 61.5 0.0472530797123909
"105" 1.1599999666214 7.90000009536743 12340.7119140625 56.579418182373 0.174205958843231 23.2807998657227 0.300000011920929 21 45.7798004150391 0.166122004389763 8482.435546875 838 3726995.5 177000.109375 178000.65625 245000.03125 31614 5.5 62.3000030517578 0.0329400151968002
"106" 1.8400000333786 10.3000001907349 12213.603515625 53.747184753418 0.866348445415497 15.2656002044678 0.328285992145538 18 3.45429992675781 0.281495988368988 6137.798828125 1091 4383004.5 239999.671875 251680.296875 345000.25 26902 9.69999980926514 57.7999992370605 -0.0428277626633644
"107" 1.75999999046326 11.8000001907349 11994.265625 53.3670539855957 0.832568824291229 15.1498003005981 0.343414008617401 18 3.40910005569458 0.243498995900154 6208.74169921875 933 4440996.5 235000.046875 248966.65625 343000.125 27573 9.60000038146973 57.9000015258789 -0.0619937852025032
"108" 1.74000000953674 10 12017.58203125 54.8822593688965 0.797802209854126 15.0347995758057 0.359239012002945 18 3.18309998512268 0.281625002622604 7080.9384765625 961 4460990.5 227000.015625 246282.265625 338000.09375 31588 7.5 59.5000038146973 0.024397099390626
"109" 1.60000002384186 11.5 11972.4580078125 54.9546737670898 0.769067823886871 14.9207000732422 0.375793993473053 18 3.12430000305176 0.20286899805069 7445.87841796875 931 4481002.5 221000.078125 243626.8125 329999.6875 33365 7.19999980926514 60.1000022888184 -0.0276619233191013
"110" 1.45000004768372 13.1000003814697 11602.68359375 53.7123336791992 0.749226033687592 14.8074998855591 0.393110990524292 18 3.0806999206543 0.19608299434185 7108.68603515625 932 4499003 221999.796875 241000 302999.6875 31982 7 60.7000007629395 -0.0904825404286385
"111" 1.39999997615814 12 11515 53.64404296875 0.726000010967255 14.6950998306274 0.411226987838745 20.5 3.10689997673035 0.182695999741554 6859.20751953125 827 4461011 214000.03125 230998.921875 290000 30599 6.19999980926514 61.5 -0.0609581768512726
"112" 1.38999998569489 10.8999996185303 11830.6064453125 53.8485832214355 0.698748826980591 14.5836000442505 0.430177003145218 21 3.10689997673035 0.170625001192093 7867.97705078125 925 4407994.5 203999.828125 208998.5625 295000.28125 34682 5.5 62.3000030517578 0.0213793329894543
"113" 1.97000002861023 8.60000038146973 11442.720703125 55.9905128479004 0.805489301681519 0.100000001490116 0.400000005960464 20 3.34509992599487 0.18758299946785 6733.28564453125 166 1135998.125 60999.953125 62254.05859375 80000 7649 9.69999980926514 57.7999992370605 0.0058755218051374
"114" 1.99000000953674 9 11795.87109375 57.259952545166 0.774082601070404 0.100000001490116 0.400000005960464 20 3.40610003471375 0.183961004018784 6920.51708984375 224 1145001.125 59000.0546875 61682.7265625 81000.03125 7924 9.60000038146973 57.9000015258789 0.0623603500425816
"115" 1.97000002861023 6.09999990463257 12271.4287109375 59.7687835693359 0.741758227348328 0.100000001490116 0.400000005960464 20 3.57119011878967 0.17951999604702 8083.908203125 232 1156000.25 57999.9296875 61116.63671875 80999.9765625 9345 7.5 59.5000038146973 0.05904521048069
"116" 1.83000004291534 5.40000009536743 12609.1103515625 59.7714309692383 0.715042412281036 0.100000001490116 0.400000005960464 20.5 3.35051989555359 0.174748003482819 7969.93408203125 206 1163999.625 55999.92578125 60555.7421875 80000 9277 7.19999980926514 60.1000022888184 0.0366306304931641
"117" 1.78999996185303 5.30000019073486 13292.0537109375 60.1359024047852 0.749807000160217 0.100000001490116 0.400000005960464 21 3.32765007019043 0.169681996107101 8550.34765625 214 1171999.125 55999.92578125 60000 74000.0078125 10021 7 60.7000007629395 0.061839047819376
"118" 1.77999997138977 4.40000009536743 13984 62.4721603393555 0.787500023841858 0.100000001490116 0.400000005960464 21 3.28558993339539 0.188786998391151 9069.9365234375 232 1186998.375 55999.92578125 59000.12109375 72000.0234375 10766 6.19999980926514 61.5 0.112845540046692
"119" 1.77999997138977 3.79999995231628 14538.9794921875 62.9102821350098 0.757940351963043 0.100000001490116 0.400000005960464 21 3.28558993339539 0.179826006293297 9461.3994140625 255 1205001.5 55000.0234375 55999.99609375 77000.078125 11401 5.5 62.3000030517578 0.0703770890831947
"120" 2.46000003814697 8.39999961853027 15198.0908203125 61.4502601623535 0.241050124168396 3.02269005775452 0.328285992145538 21 1.5336799621582 0.196279004216194 6768.09375 640 4272990.5 236999.484375 234008.0625 310000.1875 28920 9.69999980926514 57.7999992370605 -0.00693348841741681
"121" 2.38000011444092 6.90000009536743 15644.4951171875 63.1465492248535 0.23165138065815 3.03409004211426 0.343414008617401 21 1.50104999542236 0.204689994454384 7118.8251953125 656 4300990.5 229999.796875 231722.796875 312000.0625 30618 9.60000038146973 57.9000015258789 0.0579635538160801
"122" 2.3199999332428 5.40000009536743 16313.1865234375 64.537712097168 0.221978023648262 3.04554009437561 0.359239012002945 21 1.13393998146057 0.212862998247147 7289.48828125 643 4349002 222999.625 229459.84375 314999.78125 31702 7.5 59.5000038146973 0.0671132728457451
"123" 2.25999999046326 4.59999990463257 16921.609375 64.5509033203125 0.213983058929443 3.05703997612 0.375793993473053 21 1.12284004688263 0.215296998620033 7590.40966796875 729 4391989.5 216999.40625 227218.984375 315999.59375 33337 7.19999980926514 60.1000022888184 0.0554242320358753
"124" 2.13000011444092 4.5 17475.748046875 66.2441024780273 0.208462342619896 3.06857991218567 0.393110990524292 21 1.10738003253937 0.17603699862957 7826.70458984375 784 4461009 210999.875 225000 293999.75 34915 7 60.7000007629395 0.0559679754078388
"125" 2.09999990463257 4.19999980926514 18167 66.6956558227539 0.202000007033348 3.08015990257263 0.411226987838745 21 1.09151005744934 0.170368000864983 8046.97509765625 814 4534996 206999.71875 221997.484375 289000.34375 36493 6.19999980926514 61.5 0.0718352422118187
"126" 1.98000001907349 4.5 18755.533203125 66.6856460571289 0.194417715072632 3.09177994728088 0.430177003145218 21 1.09151005744934 0.172347992658615 8112.94580078125 782 4621995.5 197000.078125 214001.015625 309999.65625 37498 5.5 62.3000030517578 0.054407674819231
"127" 2.46000003814697 7.90000009536743 15215.990234375 62.0526657104492 0.28639617562294 0 0.100000001490116 20 1.81113994121552 0.190606996417046 6380.05078125 659 5746976 289999.96875 332032.375 445999.3125 36666 9.69999980926514 57.7999992370605 -0.00173250981606543
"128" 2.42000007629395 6.90000009536743 15801.60546875 61.9856910705566 0.27522936463356 0 0.100000001490116 20 1.80020999908447 0.186082005500793 6510.73974609375 651 5766011.5 281999.8125 325323.6875 440999.15625 37541 9.60000038146973 57.9000015258789 0.0677381753921509
"129" 2.46000003814697 4.80000019073486 16735.1640625 64.3316345214844 0.263736248016357 0 0.100000001490116 20 2.24215006828308 0.179802000522614 6646.5908203125 666 5798010 273999.78125 318750.5625 435000.34375 38537 7.5 59.5000038146973 0.083912082016468
"130" 2.40000009536743 3.90000009536743 17271.185546875 64.644905090332 0.254237294197083 0 0.100000001490116 20.5 2.3103199005127 0.173664003610611 6818.29638671875 742 5821982 267000.40625 312310.21875 426000.375 39696 7.19999980926514 60.1000022888184 0.0551131218671799
"131" 2.20000004768372 3.79999995231628 18145.51171875 64.4532089233398 0.247678011655807 0 0.100000001490116 21 1.80007004737854 0.170999005436897 7027.96435546875 752 5833979.5 265000.125 306000 386000.5625 41001 7 60.7000007629395 0.0602691620588303
"132" 2.25999999046326 3.20000004768372 19050 65.1188125610352 0.239999994635582 0 0.100000001490116 21 1.79360997676849 0.162926003336906 7225.43603515625 689 5855010 253999.546875 295997.75 373000.375 42305 6.19999980926514 61.5 0.0745930671691895
"133" 2.15000009536743 3.29999995231628 20034.6484375 66.1751937866211 0.230991333723068 0 0.100000001490116 21 1.79360997676849 0.155174002051353 7358.47265625 725 5888994 236999.59375 273997.09375 398000.71875 43334 5.5 62.3000030517578 0.0577074326574802
"134" 1.87999999523163 15.5 13247.0166015625 53.5386428833008 0.545653939247131 0.624809980392456 0.200000002980232 21 0 0.243817999958992 6712.7431640625 1392 9116988 493999.84375 517776.75 685000.875 61200 9.69999980926514 57.7999992370605 -0.0806631743907928
"135" 1.87000000476837 14.1999998092651 13606.6513671875 54.7484397888184 0.524378418922424 0.637600004673004 0.200000002980232 21 0 0.237243995070457 6721.328125 1314 9054014 473999 505932.3125 666999.5 60855 9.60000038146973 57.9000015258789 0.0472308322787285
"136" 1.87000000476837 11.1999998092651 14317.58203125 57.2445526123047 0.502481281757355 0.65064001083374 0.200000002980232 21 0 0.243742004036903 7007.07080078125 1531 9057993 460000.65625 494358.8125 656001.0625 63470 7.5 59.5000038146973 0.0715407729148865
"137" 1.8400000333786 9.89999961853027 14830.5087890625 57.6979713439941 0.484383463859558 0.663959980010986 0.200000002980232 21 0 0.219419002532959 7416.576171875 1545 9088021 455000.0625 483050.0625 642999.0625 67402 7.19999980926514 60.1000022888184 0.0466399379074574
"138" 1.75 8.80000019073486 15278.6376953125 58.4074668884277 0.471886456012726 0.67755001783371 0.200000002980232 21 0 0.191911995410919 7829.5234375 1605 9138998 467999.34375 472000 613999.1875 71554 7 60.7000007629395 0.0387384183704853
"139" 1.64999997615814 8.19999980926514 15418 59.948055267334 0.457257986068726 0.691410005092621 0.200000002980232 21 0 0.186720997095108 8228.9150390625 1597 9199998 461000.375 463001.03125 603000.9375 75706 6.19999980926514 61.5 0.0176270101219416
"140" 1.62000000476837 7.59999990463257 15930.7021484375 60.2468414306641 0.440094321966171 0.705560028553009 0.200000002980232 21 0 0.175254002213478 8430.646484375 1704 9239979 439999.375 442000.0625 599000.4375 77899 5.5 62.3000030517578 0.0325749143958092
"141" 2.13000011444092 7.80000019073486 13781.623046875 65.0814361572266 0.346062034368515 0.100000001490116 0.200000002980232 19 0 0.199833005666733 7059.263671875 571 4133009 213000.09375 231810.09375 313000.28125 29176 9.69999980926514 57.7999992370605 -0.0207700915634632
"142" 2.10999989509583 8.19999980926514 13840.5966796875 64.7649917602539 0.332568794488907 0.100000001490116 0.200000002980232 19 0 0.191820994019508 7494.07470703125 555 4145008 203000.34375 226957.3125 309000.21875 31063 9.60000038146973 57.9000015258789 0.0203343108296394
"143" 2.05999994277954 6.30000019073486 14734.06640625 67.1819610595703 0.318681299686432 0.100000001490116 0.200000002980232 19 0 0.178974002599716 7644.96630859375 582 4163000.75 195999.96875 222206.109375 303999.4375 31826 7.5 59.5000038146973 0.0854080617427826
"144" 2.03999996185303 6 14983.05078125 66.9762954711914 0.307203382253647 0.100000001490116 0.200000002980232 19 0 0.175171002745628 7795.873046875 608 4192987.75 192999.6875 217554.359375 293999.625 32688 7.19999980926514 60.1000022888184 0.0203598756343126
"145" 1.77999997138977 5.30000019073486 15464.396484375 66.7615432739258 0.299277603626251 0.100000001490116 0.200000002980232 19.6700000762939 0 0.164709001779556 8053.17626953125 571 4212996 196000.03125 213000 267999.5625 33928 7 60.7000007629395 0.0350064635276794
"146" 1.80999994277954 5.40000009536743 15910 66.8855514526367 0.316249996423721 0.100000001490116 0.200000002980232 21 0 0.153882995247841 8282.359375 530 4246012.5 189000.1875 206000.21875 259000.25 35167 6.19999980926514 61.5 0.0363326147198677
"147" 1.73000001907349 4 16048.123046875 68.8984832763672 0.320981711149216 0.100000001490116 0.200000002980232 21 0 0.144433006644249 8462.2548828125 612 4307008 180999.953125 192002.265625 269000.28125 36447 5.5 62.3000030517578 0.0391815975308418
"148" 1.5 11 9553.69921875 52.2050743103027 1.14594280719757 30.0900001525879 0.300000011920929 21 19.8752994537354 0.208188995718956 6679.40087890625 730 2566996.75 144000.203125 150960.09375 191999.984375 17146 9.69999980926514 57.7999992370605 -0.0204201992601156
"149" 1.47000002861023 12.6000003814697 9513.76171875 50.8762283325195 1.10126149654388 30.0351009368896 0.300000011920929 21 20.0310001373291 0.207435995340347 6891.98828125 715 2582999.25 139000.09375 149960.171875 193999.890625 17802 9.60000038146973 57.9000015258789 0.00138836214318871
"150" 1.41999995708466 10.8000001907349 9792.3076171875 52.0652160644531 1.05527472496033 29.9804000854492 0.300000011920929 21 20 0.199328005313873 7098.5400390625 679 2597999 135999.828125 148966.890625 194999.796875 18442 7.5 59.5000038146973 0.0672458559274673
"151" 1.36000001430511 10.3000001907349 9797.669921875 54.209114074707 1.07663142681122 29.9256992340088 0.300000011920929 21 19.8852005004883 0.193235993385315 7321.0966796875 662 2612996.5 134000.1875 147980.171875 191999.875 19130 7.19999980926514 60.1000022888184 0.00242916238494217
"152" 1.26999998092651 11.6999998092651 9996.904296875 54.5746383666992 1.06538701057434 29.8712005615234 0.300000011920929 21 18.6399993896484 0.185524001717567 7489.32373046875 771 2624002 140000.046875 147000 171999.9375 19652 7 60.7000007629395 0.0061582769267261
"153" 1.23000001907349 10.1999998092651 10303 55.0879058837891 0.960300028324127 29.8166999816895 0.300000011920929 21 17.264799118042 0.175625994801521 7684.9521484375 756 2625000 138999.90625 143999.453125 167000.078125 20173 6.19999980926514 61.5 0.013172771781683
"154" 1.23000001907349 8.39999961853027 10698.7490234375 55.4612922668457 0.92425411939621 29.7623996734619 0.300000011920929 21 17.264799118042 0.161035999655724 8413.373046875 722 2619995.5 135000.125 130999.59375 173000.046875 22043 5.5 62.3000030517578 0.048469964414835
"155" 1.26999998092651 9.19999980926514 12968.9736328125 56.5099945068359 0.346612185239792 14.3842000961304 0.466610014438629 21 0 0.207460999488831 7082.7587890625 890 4942001 244999.984375 270439 356999.6875 35003 9.69999980926514 57.7999992370605 -0.0207589473575354
"156" 1.26999998092651 9.89999961853027 13186.9267578125 56.7060127258301 0.333097487688065 14.4771003723145 0.50397002696991 21 0 0.201180994510651 7363.07373046875 911 4963009 235000.375 265442.46875 354999.9375 36543 9.60000038146973 57.9000015258789 0.0459877699613571
"157" 1.26999998092651 7.19999980926514 13727.47265625 58.5995750427246 0.3191879093647 14.5706996917725 0.544319987297058 21 0 0.18723900616169 7705.44580078125 967 5001008.5 226999.6875 260538.265625 352000.40625 38535 7.5 59.5000038146973 0.0711630284786224
"158" 1.35000002384186 6.40000009536743 14033.8984375 61.0640525817871 0.307691752910614 14.6648998260498 0.587890028953552 21 0 0.184187993407249 7811.482421875 931 5029007 223999.796875 255724.671875 343999.96875 39284 7.19999980926514 60.1000022888184 0.0251532327383757
"159" 1.37000000476837 6.09999990463257 14368.4208984375 62.4542121887207 0.299753367900848 14.7596998214722 0.634959995746613 21 0 0.177047997713089 8161.9169921875 1129 5064006.5 232000.25 251000 311000.25 41332 7 60.7000007629395 0.0272511932998896
"160" 1.39999997615814 6.30000019073486 14648 62.735969543457 0.290461003780365 14.8550996780396 0.685800015926361 21 0 0.163763999938965 8500.705078125 1044 5102988.5 231000.234375 245000 304000.15625 43379 6.19999980926514 61.5 0.0343547761440277
"161" 1.32000005245209 5.69999980926514 14871.9921875 62.7662315368652 0.27955824136734 14.9511003494263 0.740700006484985 21 0 0.151574000716209 8864.046875 1103 5140992.5 223000.25 225998.609375 313000.15625 45570 5.5 62.3000030517578 0.0246795378625393
"162" 1.91999995708466 8.60000038146973 12033.4130859375 61.2244911193848 0.346447467803955 1.18069994449615 3.29999995231628 19 0 0.221544995903969 8284.4736328125 254 804999.8125 41000.0234375 42323.12109375 58000.0234375 6668.99951171875 9.69999980926514 57.7999992370605 -0.0431730523705482
"163" 1.86000001430511 8.80000019073486 11954.12890625 60.4026870727539 0.332939207553864 1.22319996356964 3.29999995231628 19 0 0.225486993789673 8800.240234375 286 816000.4375 40000 41466.6953125 57999.96875 7181 9.60000038146973 57.9000015258789 -0.00633728504180908
"164" 1.75 7.40000009536743 11906.59375 62.2296142578125 0.319036245346069 1.26719999313354 3.29999995231628 19 0 0.223628997802734 8974.486328125 238 822999.75 37999.984375 40627.59765625 56999.94921875 7386 7.5 59.5000038146973 -0.0127104362472892
"165" 1.66999995708466 7.69999980926514 11669.4912109375 62.0232162475586 0.319078385829926 1.31289994716644 3.29999995231628 19 0 0.208700999617577 9167.078125 223 825999.3125 37000.03515625 39805.484375 55999.984375 7572 7.19999980926514 60.1000022888184 -0.0510611943900585
"166" 1.53999996185303 8.10000038146973 12076.3671875 62.3333320617676 0.322081536054611 1.36020004749298 3.29999995231628 19 0 0.187298998236656 9575.28125 222 816999.5 37999.96484375 39000 50000 7823 7 60.7000007629395 0.0265266485512257
"167" 1.46000003814697 7.40000009536743 12291 62.541805267334 0.32379999756813 1.40919995307922 3.29999995231628 20.3299999237061 0 0.175665006041527 9980.2236328125 234 808999.9375 36000.01953125 37000.140625 47999.9765625 8074.00048828125 6.19999980926514 61.5 -0.0622297674417496
"168" 1.44000005722046 6.80000019073486 12383.060546875 62.9194602966309 0.322910487651825 1.45990002155304 3.29999995231628 21 0 0.162919998168945 10109.3271484375 198 804999.1875 34999.9765625 34000.26171875 45999.9609375 8138 5.5 62.3000030517578 -0.00425743404775858
"169" 1.5900000333786 6.09999990463257 13192.1240234375 63.6597938537598 0.375894993543625 0.656599998474121 0.426409989595413 20 0.0377399995923042 0.220479995012283 7191.82666015625 261 1589999.375 77000.078125 87722.625 119001.9140625 11435 9.69999980926514 57.7999992370605 -0.0392982661724091
"170" 1.50999999046326 5.69999980926514 12919.724609375 63.5976142883301 0.361238539218903 0.686800003051758 0.440259993076324 20 0.0375900007784367 0.212073996663094 7226.7978515625 255 1596004.25 73999.9140625 85724.75 117001.421875 11534 9.60000038146973 57.9000015258789 -0.0244698841124773
"171" 1.45000004768372 4.40000009536743 13540.6591796875 64.5462265014648 0.346153855323792 0.718500018119812 0.45456001162529 20 0.0373799987137318 0.192238003015518 26148.271484375 285 1605000.875 71000.03125 83772.375 114999.6953125 41968 7.5 59.5000038146973 0.0783497542142868
"172" 1.42999994754791 5.5 13735.169921875 64.9616394042969 0.36943855881691 0.751600027084351 0.469319999217987 21 0.0369199998676777 0.194536998867989 7505.62451171875 237 1605995.625 68999.8828125 81864.4609375 111000.9921875 12054 7.19999980926514 60.1000022888184 0.0184423942118883
"173" 1.28999996185303 5 13971.1044921875 65.4792175292969 0.464396268129349 0.786199986934662 0.484569996595383 21 0.0371100008487701 0.18893800675869 7867.96630859375 290 1597998.75 70999.9296875 80000 100999.0078125 12573 7 60.7000007629395 0.00771341752260923
"174" 1.25999999046326 4.90000009536743 14300 65.3130264282227 0.466874986886978 0.822499990463257 0.500299990177155 21 0.0372000001370907 0.180938005447388 8212.685546875 297 1593997.5 70999.9609375 76999.2265625 97000.8359375 13091 6.19999980926514 61.5 -0.0277116652578115
"175" 1.24000000953674 3.59999990463257 14219.44140625 66.358283996582 0.498075067996979 0.860400021076202 0.516560018062592 21 0.0372000001370907 0.16237199306488 8368.896484375 261 1602003.375 68999.9140625 70999.8046875 99001.375 13407 5.5 62.3000030517578 0.0314360558986664
"176" 4.90000009536743 10.1000003814697 14914.0810546875 65.9574432373047 0.161097854375839 2.02290010452271 6.39701986312866 21 0 0.192366003990173 7304.10888671875 280 877998.9375 41999.9453125 42000 64000 6413 9.69999980926514 57.7999992370605 -0.0297069419175386
"177" 4.75 9.80000019073486 14863.5322265625 65.2757110595703 0.199971333146095 2.03449988365173 6.15944004058838 21 0 0.191312000155449 7661.0849609375 253 897000.875 40999.9921875 42000 64000.7578125 6872 9.60000038146973 57.9000015258789 0.0372155383229256
"178" 4.65000009536743 7.80000019073486 15214.2861328125 66.7630081176758 0.222527474164963 2.04609990119934 5.93069982528687 21 0 0.192364007234573 7995.6494140625 249 916998.6875 39000.0390625 42000 64999.69921875 7332 7.5 59.5000038146973 0.0521996952593327
"179" 4.40000009536743 8 15564.6181640625 66.019416809082 0.214512705802917 2.05780005455017 5.71044015884399 21 0 0.16575400531292 8083.32177734375 259 936001.3125 39000.0390625 42000 64999.48828125 7566 7.19999980926514 60.1000022888184 0.0564310438930988
"180" 4.11999988555908 6 15976.2646484375 67.8426055908203 0.208978325128555 2.06960010528564 5.49837017059326 21 0 0.160077005624771 8253.34765625 233 967001.5625 40999.9921875 42000 61999.8828125 7981 7 60.7000007629395 0.0561900287866592
"181" 4.01000022888184 6.30000019073486 16412 68.2352981567383 0.202500000596046 2.08139991760254 5.29416990280151 21 0 0.155419006943703 8337.64453125 262 1006999.0625 41999.97265625 42999.828125 62000.12109375 8396 6.19999980926514 61.5 0.0713570937514305
"182" 3.89000010490417 5.19999980926514 16853.705078125 69.25 0.194898948073387 2.09330010414124 5.09755992889404 21 0 0.136147007346153 8528.455078125 286 1054001 40999.98828125 40999.7109375 66000.375 8989 5.5 62.3000030517578 0.104920044541359
"183" 4.57000017166138 7.40000009536743 13834.12890625 63.0985908508301 0.483293563127518 0.100000001490116 0.300000011920929 20 0.108329996466637 0.194977998733521 7353.357421875 173 948002.3125 46999.9375 54426.32421875 70999.1953125 6971 9.69999980926514 57.7999992370605 0.0239287000149488
"184" 4.59999990463257 5.40000009536743 14662.84375 65.6033248901367 0.567660570144653 0.100000001490116 0.300000011920929 20 0.10428000241518 0.190770998597145 7488.015625 191 958999.0625 46999.94921875 54569.18359375 70999.453125 7181 9.60000038146973 57.9000015258789 0.0877802893519402
"185" 4.57999992370605 4.30000019073486 15451.6484375 67.6151733398438 0.741758227348328 0.100000001490116 0.300000011920929 20 0.172490000724792 0.182961001992226 7458.0771484375 192 978000.0625 46000.0859375 54712.41015625 71000.3125 7294 7.5 59.5000038146973 0.0829000025987625
"186" 4.3600001335144 3.90000009536743 16280.720703125 68.2958984375 0.715042412281036 0.100000001490116 0.300000011920929 20 0.160319998860359 0.177788004279137 7553.11572265625 191 997998.75 45999.921875 54856.01953125 71000.3125 7538 7.19999980926514 60.1000022888184 0.0769000425934792
"187" 4.05000019073486 2.79999995231628 17132.095703125 69.9614868164062 0.696594417095184 0.100000001490116 0.300000011920929 20.5 0.155790001153946 0.172650992870331 8133.39453125 172 1027000.5 48999.94140625 55000 65998.9140625 8353 7 60.7000007629395 0.0877443850040436
"188" 3.90000009536743 2.5 17906 71.2686538696289 0.675000011920929 0.100000001490116 0.300000011920929 21 0.151370003819466 0.167906999588013 8672.6474609375 179 1057001.375 48999.97265625 54999.83203125 66000.3828125 9167 6.19999980926514 61.5 0.142360851168633
"189" 3.78999996185303 2.40000009536743 18704.5234375 70.8383941650391 0.649663150310516 0.100000001490116 0.300000011920929 21 0.151370003819466 0.156749993562698 8762.1884765625 166 1085002.875 48000.05859375 50999.9609375 71999.7890625 9507 5.5 62.3000030517578 0.0498003475368023
"190" 2.24000000953674 9 16665.87109375 57.8578948974609 0.0894988104701042 0.100000001490116 0.100000001490116 19 2.81746006011963 0.175159007310867 6971.9833984375 1061 7430023.5 404999.78125 372372.8125 489005.6875 51802 9.69999980926514 57.7999992370605 0.00956335943192244
"191" 2.24000000953674 7.80000019073486 17275.228515625 58.574146270752 0.0860091745853424 0.100000001490116 0.100000001490116 21 2.79994988441467 0.168255999684334 6992.091796875 932 7468008.5 393000.59375 370515.75 492998 52217 9.60000038146973 57.9000015258789 0.0659496486186981
"192" 2.1800000667572 6.19999980926514 18065.93359375 61.5186805725098 0.0824175849556923 0.100000001490116 0.100000001490116 21 2.78484988212585 0.160739004611969 6959.14111328125 922 7517019.5 382000.625 368667.96875 5e+05 52312 7.5 59.5000038146973 0.0668847262859344
"193" 2.15000009536743 5.69999980926514 18662.076171875 61.6970520019531 0.0794491544365883 0.100000001490116 0.100000001490116 21 2.76828002929688 0.149364992976189 7023.037109375 964 7561970.5 374000.0625 366829.40625 502003.78125 53108 7.19999980926514 60.1000022888184 0.0409840010106564
"194" 2.05999994277954 5 19421.052734375 62.407527923584 0.077399380505085 0.100000001490116 0.100000001490116 21 2.81966996192932 0.142315000295639 7224.90185546875 1039 7625017 361999.5625 364999.96875 466999.875 55090 7 60.7000007629395 0.0595219954848289
"195" 2.00999999046326 4 20313 63.4121971130371 0.0750000029802322 0.100000001490116 0.100000001490116 21 2.8024001121521 0.129431992769241 7438.8671875 1023 7672001.5 350000.53125 354995.3125 454999.4375 57071 6.19999980926514 61.5 0.0939027890563011
"196" 1.8400000333786 3.79999995231628 21168.431640625 63.3952255249023 0.072184793651104 0.100000001490116 0.100000001490116 21 2.8024001121521 0.116540998220444 7598.8720703125 1051 7721014.5 330000.5 343000.65625 477002.90625 58671 5.5 62.3000030517578 0.0633851066231728
"197" 1.58000004291534 9.19999980926514 11347.2548828125 55.8884315490723 0.241646781563759 9.81280040740967 2.22286009788513 21 1.19219994544983 0.208908006548882 8662.2890625 577 1367998.75 76000.015625 77136.4921875 101999.984375 11850.0009765625 9.69999980926514 57.7999992370605 -0.0281867887824774
"198" 1.6599999666214 10.1000003814697 11288.9912109375 55.1411285400391 0.348337173461914 9.67230033874512 2.23438000679016 21 1.38129997253418 0.208832994103432 8329.537109375 531 1401998.75 74000.078125 76850.78125 104000.0625 11678.0009765625 9.60000038146973 57.9000015258789 0.003580950666219
"199" 1.37999999523163 7.5 11539.560546875 57.4678535461426 0.445054948329926 9.53380012512207 2.24595999717712 21 1.20930004119873 0.20864200592041 8718.083984375 497 1426001.375 72000 76566.140625 104999.9765625 12432 7.5 59.5000038146973 0.0386681072413921
"200" 1.4099999666214 8.80000019073486 11861.228515625 57.1011657714844 0.429025411605835 9.39729976654053 2.25760006904602 21 1.08689999580383 0.201912999153137 9151.0458984375 535 1449998.125 71000.03125 76282.546875 104000.0546875 13268.9990234375 7.19999980926514 60.1000022888184 0.0159568842500448
"201" 1.30999994277954 9.19999980926514 11825.59375 58.3333320617676 0.417956650257111 9.26270008087158 2.26929998397827 21 1.08179998397827 0.222497999668121 9596.3447265625 499 1479000.625 72000.0703125 76000 96000 14193 7 60.7000007629395 -0.0373823456466198
"202" 1.24000000953674 8.89999961853027 11898 57.9683113098145 0.405000001192093 9.13000011444092 2.28105998039246 21 1.06669998168945 0.220807000994682 10077.3427734375 568 1499998.625 72000.0546875 73999.609375 94000.0234375 15116 6.19999980926514 61.5 -0.0541545301675797
"203" 1.25 7.80000019073486 12019.2490234375 58.5793380737305 0.389797896146774 8.99930000305176 2.29288005828857 21 1.06669998168945 0.220724001526833 10141.353515625 487 1506998 70000.0234375 69999.6875 93999.9921875 15282.9990234375 5.5 62.3000030517578 0.0135970190167427
"204" 2.16000008583069 8.60000038146973 15158.7109375 54.3152084350586 0.119331747293472 0.100000001490116 0.100000001490116 19 0.208399996161461 0.167704999446869 4576.345703125 2162 17586958 913002.875 922604.5625 1218998.375 80484 9.69999980926514 57.7999992370605 0.00207462417893112
"205" 2.05999994277954 8.60000038146973 15573.39453125 54.3515129089355 0.132855504751205 0.100000001490116 0.100000001490116 19 0.20100000500679 0.163120999932289 4737.51123046875 2077 17685024 885999.0625 910465.9375 1224999.875 83783 9.60000038146973 57.9000015258789 0.0627832859754562
"206" 2.04999995231628 7.19999980926514 16335.1650390625 55.0517272949219 0.135999992489815 0.100000001490116 0.100000001490116 19 0.17739999294281 0.16169199347496 4917.59423828125 2060 17746076 858000.875 898487 1224002.375 87268 7.5 59.5000038146973 0.0563927069306374
"207" 1.94000005722046 6.5 16708.685546875 56.7492485046387 0.131101697683334 0.100000001490116 0.100000001490116 19.1599998474121 0.183799996972084 0.155274003744125 5090.12548828125 2006 17783058 838000 886665.75 1214001.125 90518 7.19999980926514 60.1000022888184 0.0392642505466938
"208" 1.82000005245209 6.30000019073486 17326.109375 57.3886413574219 0.127719298005104 0.100000001490116 0.100000001490116 21 0.179800003767014 0.155270993709564 5296.99462890625 2122 17794996 827997.625 875000 1108002.125 94260 7 60.7000007629395 0.0514965578913689
"209" 1.77999997138977 4.90000009536743 18005 58.6735420227051 0.123759999871254 0.100000001490116 0.100000001490116 21 0.179499998688698 0.151975005865097 5498.02587890625 2333 17824944 796000.6875 848988.375 1074000 98002 6.19999980926514 61.5 0.028429826721549
"210" 1.71000003814697 4.19999980926514 18580.365234375 59.1712532043457 0.11911453306675 0.100000001490116 0.100000001490116 21 0.179499998688698 0.148806005716324 5789.921875 2255 17909050 748000.875 802999.8125 1138998.375 103692 5.5 62.3000030517578 0.0497644543647766
"211" 1.63999998569489 9 11078.7587890625 60.302074432373 1.43198096752167 22.3778991699219 0.426409989595413 21 27.6292991638184 0.210607007145882 7164.2255859375 1303 6016002.5 3e+05 355732.28125 470999.84375 43100 9.69999980926514 57.7999992370605 -0.012952477671206
"212" 1.55999994277954 8.89999961853027 11455.275390625 59.5545654296875 1.37614679336548 22.1697998046875 0.440259993076324 21 26.7460994720459 0.207259997725487 7411.23291015625 1234 6076991.5 292999.71875 353018.3125 469999.6875 45038 9.60000038146973 57.9000015258789 0.0797450989484787
"213" 1.52999997138977 6.69999980926514 12089.0107421875 61.8547668457031 1.31868135929108 21.9636993408203 0.45456001162529 21 26.1109008789062 0.199801996350288 7814.15673828125 1450 6165988.5 288000.28125 350325.0625 466999.78125 48182 7.5 59.5000038146973 0.0825915113091469
"214" 1.5 5.40000009536743 12353.8134765625 63.1748085021973 1.27118647098541 21.7593994140625 0.469319999217987 21 25.5795001983643 0.194195002317429 7981.27978515625 1482 6255012 287999.90625 347652.3125 459999.65625 49923 7.19999980926514 60.1000022888184 0.0306999124586582
"215" 1.45000004768372 5.30000019073486 12839.009765625 63.580638885498 1.23839008808136 21.5571002960205 0.484569996595383 21 26.0272006988525 0.189738005399704 8254.9208984375 1647 6331011.5 308999.8125 345000 426999.84375 52262 7 60.7000007629395 0.0483391396701336
"216" 1.39999997615814 4.5 13325 65.0853118896484 1.20000004768372 21.3565998077393 0.500299990177155 21 25.6944007873535 0.185424998402596 8513.9462890625 1584 6413007 309000 341002.1875 420999.78125 54599.99609375 6.19999980926514 61.5 0.07771385461092
"217" 1.3400000333786 3.59999990463257 13767.083984375 65.6070556640625 1.15495669841766 21.1580009460449 0.516560018062592 21 25.6944007873535 0.17569500207901 8929.41015625 1573 6489006.5 3e+05 316997.78125 428000.4375 57943 5.5 62.3000030517578 0.0413292720913887
"218" 2.11999988555908 5.90000009536743 12553.69921875 62.0041732788086 0.429594278335571 0.560100018978119 0.182769998908043 21 0 0.228972002863884 7815.47265625 148 672000.3125 33000.03515625 38843.15234375 54999.9765625 5252 9.69999980926514 57.7999992370605 -0.0474599935114384
"219" 1.98000001907349 5.59999990463257 12389.908203125 61.8069839477539 0.412844061851501 0.59280002117157 0.174720004200935 21 0 0.221058994531631 7875.19580078125 116 680998.9375 30999.974609375 37844.5078125 54000.05078125 5363 9.60000038146973 57.9000015258789 -0.0663468986749649
"220" 1.85000002384186 5.09999990463257 12690.1103515625 63.3946838378906 0.395604401826859 0.627399981021881 0.167019993066788 21 0 0.209676995873451 7826.76123046875 100 687001.9375 29999.939453125 36871.5390625 52999.953125 5377 7.5 59.5000038146973 0.0356676951050758
"221" 1.85000002384186 5.90000009536743 12661.0166015625 64.4763870239258 0.381355941295624 0.664099991321564 0.159659996628761 21 0 0.201547995209694 7864.2421875 90 684999.25 28999.935546875 35923.5859375 49999.99609375 5387 7.19999980926514 60.1000022888184 -0.0434198603034019
"222" 1.5900000333786 6.30000019073486 12817.337890625 64.2710418701172 0.371517032384872 0.702899992465973 0.152630001306534 21 0 0.194244995713234 8150.1982421875 100 679001.875 30000.04296875 35000 44999.9453125 5534 7 60.7000007629395 -0.0250731091946363
"223" 1.64999997615814 5.19999980926514 12971 65.0826416015625 0.360000014305115 0.743900001049042 0.145899996161461 21 0 0.185436993837357 8453.890625 101 671998.3125 28999.935546875 33000.03125 42999.94140625 5681 6.19999980926514 61.5 -0.0797524303197861
"224" 1.64999997615814 4.80000019073486 12351.2998046875 65.5601654052734 0.346487015485764 0.787400007247925 0.139479994773865 21 0 0.171434000134468 8643.17578125 104 667000.1875 27999.962890625 30000 41999.99609375 5765 5.5 62.3000030517578 -0.0517941229045391
"225" 1.26999998092651 12.5 13039.3798828125 55.6121826171875 0.429594278335571 1.50870001316071 0.200000002980232 21 11.6020002365112 0.2257139980793 6659.626953125 1607 10774027 552000.5625 582422 783999.375 71751 9.69999980926514 57.7999992370605 -0.0544070638716221
"226" 1.24000000953674 12.1999998092651 13236.23828125 55.7450523376465 0.412844061851501 1.56620001792908 0.200000002980232 21 11.6408996582031 0.199800997972488 6818.20361328125 1582 10738019 530000.5 568580.875 765998.9375 73214 9.60000038146973 57.9000015258789 0.0217184890061617
"227" 1.1599999666214 9.39999961853027 13784.615234375 57.325870513916 0.395604401826859 1.62580001354218 0.200000002980232 21 9.31099987030029 0.194478005170822 6973.470703125 1646 10739989 514999.875 555068.6875 751000.1875 74895 7.5 59.5000038146973 0.064763106405735
"228" 1.17999994754791 8.89999961853027 13992.5849609375 57.9638366699219 0.381355941295624 1.6878000497818 0.200000002980232 21 9.30749988555908 0.18035900592804 7031.74853515625 1646 10743985 506999.28125 541877.625 732000.5 75549 7.19999980926514 60.1000022888184 0.0193256177008152
"229" 1.16999995708466 8.10000038146973 14279.669921875 59.3186874389648 0.371517032384872 1.75209999084473 0.200000002980232 21 9.30410003662109 0.17485199868679 7196.9736328125 1673 10747990 526000.3125 529000 691999.5 77353 7 60.7000007629395 0.0233445838093758
"230" 1.13999998569489 7 14598 59.8554420471191 0.360000014305115 1.81879997253418 0.200000002980232 21 9.27299976348877 0.171217992901802 7340.248046875 1772 10783968 517999.65625 518003.15625 677000.0625 79157 6.19999980926514 61.5 0.0255821198225021
"231" 1.05999994277954 6 14952.8388671875 60.7407379150391 0.346487015485764 1.88810002803802 0.200000002980232 21 9.27299976348877 0.159994006156921 7553.2177734375 1763 10854976 498000.3125 494003.03125 670999.6875 81990 5.5 62.3000030517578 0.0404018387198448
"232" 1.55999994277954 5.69999980926514 13552.505859375 59.6170196533203 0.866348445415497 26.4223003387451 0.560109972953796 21 0 0.207454994320869 9288.4609375 1054 3230998 154000.15625 170964.765625 241999.984375 30010.998046875 9.69999980926514 57.7999992370605 0.0138725824654102
"233" 1.46000003814697 9 12784.4033203125 58.4437065124512 0.832568824291229 26.4333992004395 0.59281998872757 21 0 0.202159002423286 8929.328125 848 3310999.5 151000.109375 169964.84375 245000.09375 29565 9.60000038146973 57.9000015258789 -0.0608552880585194
"234" 1.4099999666214 7 12881.318359375 59.6368141174316 0.947390079498291 26.4445991516113 0.627439975738525 21 0 0.197189003229141 9359.798828125 797 3310007 145999.921875 168970.75 238999.96875 30981 7.5 59.5000038146973 0.00827607419341803
"235" 1.28999996185303 7.09999990463257 12904.6611328125 60.3906860351562 0.961334764957428 26.4556999206543 0.664080023765564 21 0 0.187404006719589 9445.9150390625 744 3301003.5 143000.140625 167982.484375 230000.234375 31180.998046875 7.19999980926514 60.1000022888184 -0.0212907157838345
"236" 1.16999995708466 8.19999980926514 12656.3466796875 60.8929328918457 0.936532557010651 26.4668998718262 0.702859997749329 21 0 0.180598005652428 9496.078125 699 3305996.25 151999.96875 167000 210999.84375 31393.998046875 7 60.7000007629395 -0.0454976372420788
"237" 1.0900000333786 7.40000009536743 12607 60.3082046508789 0.907500028610229 26.4780006408691 0.743910014629364 21 0 0.171737998723984 9659.5244140625 597 3272003.75 149000.203125 160000 203000.03125 31606 6.19999980926514 61.5 -0.0785221233963966
"238" 1.05999994277954 6.69999980926514 12822.90625 59.5976524353027 0.873436033725739 26.489200592041 0.787349998950958 21 0 0.161579996347427 9990.1142578125 634 3242005 143999.90625 148000.96875 198000.203125 32388 5.5 62.3000030517578 0.0139080015942454
"239" 1.67999994754791 11.5 12626.4912109375 58.4623031616211 0.225190937519073 1.02369999885559 2.79999995231628 21 0.192900002002716 0.187434002757072 7262.63818359375 518 2669002.5 123000.21875 128896.9921875 182999.890625 19384 9.69999980926514 57.7999992370605 -0.0712934210896492
"240" 1.63999998569489 10.8000001907349 12925.458984375 59.5617523193359 0.216410562396049 1.03569996356964 2.79999995231628 21 0.193599998950958 0.177792996168137 7728.1982421875 550 2659999 118000.0078125 126612.7421875 178000.09375 20557 9.60000038146973 57.9000015258789 0.0343776121735573
"241" 1.58000004291534 9.39999961853027 13246.154296875 59.7627296447754 0.207373633980751 1.04789996147156 2.79999995231628 21 0.192499995231628 0.174122005701065 7826.23828125 572 2675998.25 116000.1171875 124368.9609375 174000.1875 20943 7.5 59.5000038146973 0.0541631989181042
"242" 1.5 8.80000019073486 13376.0595703125 59.2994575500488 0.199904665350914 1.06029999256134 2.79999995231628 21 0.200599998235703 0.165583997964859 7985.869140625 559 2686996.25 115999.9609375 122164.953125 168999.859375 21458 7.19999980926514 60.1000022888184 0.0173024274408817
"243" 1.42999994754791 8.5 13649.123046875 60.5544738769531 0.194747164845467 1.07280004024506 2.79999995231628 21 0.203899994492531 0.16585299372673 8288.3212890625 619 2701994.75 121999.8828125 119999.9921875 165999.859375 22395 7 60.7000007629395 0.0331697836518288
"244" 1.39999997615814 6.19999980926514 14019 62.4760093688965 0.188710004091263 1.08539998531342 2.79999995231628 21 0.202299997210503 0.159337997436523 8565.328125 620 2724005.5 117999.875 118000.78125 162000.046875 23332 6.19999980926514 61.5 0.0226403288543224
"245" 1.37999999523163 5.80000019073486 14326.275390625 63.2595367431641 0.181626573204994 1.09819996356964 2.79999995231628 21 0.202299997210503 0.151538997888565 9108.7705078125 677 2767003.5 112999.9453125 117000.28125 158999.984375 25204 5.5 62.3000030517578 0.0578641146421432
"246" 1.36000001430511 10.8999996185303 13651.5517578125 53.4550590515137 0.28639617562294 0.100000001490116 0.233309999108315 21 10.7630996704102 0.183375999331474 6003.2685546875 1819 11879029 594999.1875 629687.375 846000.8125 71313 9.69999980926514 57.7999992370605 -0.0358290709555149
"247" 1.32000005245209 11.8000001907349 13706.421875 52.9097633361816 0.27522936463356 0.100000001490116 0.251980006694794 21 10.7035999298096 0.17687900364399 6080.38427734375 1721 11891025 576000.3125 617411.125 833001.375 72302 9.60000038146973 57.9000015258789 0.0207041073590517
"248" 1.30999994277954 9.10000038146973 13987.912109375 54.1598663330078 0.263736248016357 0.100000001490116 0.272159993648529 21 10.9418001174927 0.170682996511459 6250.283203125 1727 11886981 556998.6875 605374.3125 815999.125 74297 7.5 59.5000038146973 0.0433327257633209
"249" 1.28999996185303 8 14356.9912109375 55.2368507385254 0.254237294197083 0.100000001490116 0.293949991464615 21 10.9727001190186 0.166262999176979 6363.63623046875 1771 11852972 541000.875 593572.125 792999.6875 75428 7.19999980926514 60.1000022888184 0.0206657182425261
"250" 1.26999998092651 6.80000019073486 14713.1064453125 56.8044128417969 0.247678011655807 0.100000001490116 0.317479997873306 21 10.7747001647949 0.16168799996376 6476.1240234375 1894 11893997 547999.625 582000 735000.25 77027 7 60.7000007629395 0.0337199382483959
"251" 1.23000001907349 5.69999980926514 15200 57.3564224243164 0.239999994635582 0.100000001490116 0.342900007963181 21 10.8076000213623 0.156139001250267 6587.2919921875 1987 11936013 535998.875 566000.75 715999.5 78626 6.19999980926514 61.5 0.0480365268886089
"252" 1.13999998569489 5.09999990463257 15623.6767578125 58.5465087890625 0.230991333723068 0.100000001490116 0.370350003242493 21 10.8076000213623 0.149836003780365 6769.25830078125 1931 12001019 511999.40625 530000.5 732999.625 81238 5.5 62.3000030517578 0.0433613024652004
"253" 2.08999991416931 10.1999998092651 13326.96875 58.606559753418 0.174224346876144 0.100000001490116 0.100000001490116 20 1.69539999961853 0.19666700065136 6192.87841796875 105 953999.0625 46000.04296875 55891.45703125 74000.0703125 5908 9.69999980926514 57.7999992370605 -0.0257269516587257
"254" 2.13000011444092 8.30000019073486 13759.173828125 59.1836738586426 0.167431190609932 0.100000001490116 0.100000001490116 20 1.69459998607635 0.190400004386902 6290.82470703125 100 955995.5 43999.8828125 54892.109375 74000.078125 6014 9.60000038146973 57.9000015258789 0.0459321960806847
"255" 2.05999994277954 5.30000019073486 14312.087890625 62.5336952209473 0.160439550876617 0.100000001490116 0.100000001490116 20.5 1.47090005874634 0.181668996810913 5509.38330078125 79 961995.125 43000.02734375 53910.625 72000.0703125 5300 7.5 59.5000038146973 0.0740320831537247
"256" 2.0699999332428 4.90000009536743 14595.3388671875 63.6363639831543 0.154661014676094 0.100000001490116 0.100000001490116 21 1.67869997024536 0.177523002028465 6015.47900390625 109 968002.6875 41999.9453125 52946.6953125 70000 5823 7.19999980926514 60.1000022888184 0.0415732115507126
"257" 1.87000000476837 4 15109.3916015625 64.7214813232422 0.150670796632767 0.100000001490116 0.100000001490116 21 1.75600004196167 0.172160997986794 6064.59228515625 124 975003.75 43999.9765625 52000 63000.0625 5913 7 60.7000007629395 0.0610066503286362
"258" 1.87999999523163 3.79999995231628 15633 65.4855651855469 0.145999997854233 0.100000001490116 0.100000001490116 21 1.74440002441406 0.16771100461483 6088.2109375 113 986003.9375 43000.02734375 50999.9375 60999.94140625 6003 6.19999980926514 61.5 0.053568422794342
"259" 1.92999994754791 3.09999990463257 16257.9404296875 66.2760467529297 0.140519723296165 0.100000001490116 0.100000001490116 21 1.74440002441406 0.158108994364738 5894.25146484375 125 993001.375 40999.98828125 45999.953125 65000 5853 5.5 62.3000030517578 0.0419318154454231
"260" 1.87999999523163 10.8000001907349 10393.794921875 57.8240165710449 2.06205248832703 25.135799407959 0.400000005960464 21 0 0.211842998862267 7508.35546875 730 3226006 172000.0625 195651.40625 259999.6875 24222 9.69999980926514 57.7999992370605 -0.0232432689517736
"261" 1.92999994754791 10 10693.8076171875 56.5143127441406 1.98165142536163 24.8582992553711 0.400000005960464 21 0 0.208084002137184 7666.3701171875 844 3257995.5 165999.796875 194222.984375 258999.765625 24977 9.60000038146973 57.9000015258789 0.0598180219531059
"262" 1.9099999666214 7.09999990463257 11160.439453125 57.839427947998 1.89890110492706 24.5839004516602 0.400000005960464 21 0 0.198570996522903 7865.2431640625 916 3301995.75 162000.09375 192805 261000.15625 25971 7.5 59.5000038146973 0.0767705887556076
"263" 1.89999997615814 6.80000019073486 11369.703125 59.9093551635742 1.83050847053528 24.3125 0.400000005960464 21 0 0.193221002817154 7970.41943359375 951 3347000.75 160000 191397.375 254999.953125 26677 7.19999980926514 60.1000022888184 0.0188054200261831
"264" 1.76999998092651 6.19999980926514 11674.9228515625 60.855396270752 1.7832818031311 24.0442008972168 0.400000005960464 21 0 0.188850998878479 8414.9677734375 1059 3380999.25 168999.875 189999.984375 231999.90625 28451 7 60.7000007629395 0.0416201278567314
"265" 1.69000005722046 5.59999990463257 12027 61.7635269165039 1.72800004482269 23.7787990570068 0.400000005960464 21 0 0.185350000858307 8824.517578125 1086 3425003 169999.90625 186999.9375 228999.828125 30224 6.19999980926514 61.5 0.0747457295656204
"266" 1.70000004768372 4.5 12440.80859375 62.6134986877441 1.66313767433167 23.516300201416 0.400000005960464 21 0 0.169980004429817 9152.458984375 1034 3469996.5 168000.171875 170999.90625 237000.1875 31759 5.5 62.3000030517578 0.0542324483394623
"267" 1.83000004291534 5.5 11323.388671875 62.7254486083984 0.718377113342285 0.656599998474121 0.380649000406265 21 0 0.242798000574112 9165.685546875 148 694001.5625 35000 39847.15625 53000 6361 9.69999980926514 57.7999992370605 -0.034946721047163
"268" 1.78999996185303 5.40000009536743 11091.7431640625 62.6984100341797 0.690366983413696 0.686800003051758 0.371327012777328 21 0 0.229347005486488 9037.2080078125 175 698999.0625 33000.03125 38848.44140625 51999.9921875 6317 9.60000038146973 57.9000015258789 -0.0183846242725849
"269" 1.66999995708466 4.30000019073486 11661.5380859375 64.8915176391602 0.661538481712341 0.718500018119812 0.362233996391296 21 0 0.219713002443314 9079.4384765625 143 704999.5625 32000 37874.76171875 52000.05078125 6401 7.5 59.5000038146973 0.0803718417882919
"270" 1.75999999046326 5.09999990463257 11684.322265625 64.426872253418 0.637711882591248 0.751600027084351 0.353363007307053 21 0 0.209174007177353 8865.828125 130 707999.3125 30999.974609375 36925.484375 48999.95703125 6277 7.19999980926514 60.1000022888184 -0.00674387998878956
"271" 1.47000002861023 4.69999980926514 12175.4384765625 65.1663436889648 0.621259033679962 0.786199986934662 0.344709992408752 21 0 0.199288994073868 8817.8173828125 134 707998.3125 32000 36000 43000.02734375 6243 7 60.7000007629395 0.0271174237132072
"272" 1.5 4.19999980926514 12545 66.019416809082 0.609252989292145 0.822499990463257 0.33626800775528 21 0 0.193110004067421 8757.4228515625 134 708998.5 30999.94140625 35000.03515625 41999.9921875 6208.99951171875 6.19999980926514 61.5 -0.0334714278578758
"273" 1.45000004768372 3.90000009536743 12276.2275390625 66.2162170410156 0.593364775180817 0.860400021076202 0.328033000230789 21 0 0.179332002997398 9304.3427734375 147 713000.375 30000 31999.998046875 42999.96484375 6634 5.5 62.3000030517578 -0.00347525207325816
"274" 1.35000002384186 11.8000001907349 10988.06640625 53.998851776123 0.338094264268875 25.8365001678467 0.200000002980232 19 1.88639998435974 0.198827996850014 7458.30029296875 1055 4665004 234999.875 255683.078125 341999.71875 34793 9.69999980926514 57.7999992370605 -0.01909832470119
"275" 1.3400000333786 11.5 11183.486328125 55.0641937255859 0.324911683797836 25.6567001342773 0.200000002980232 19 1.87670004367828 0.193915992975235 7733.20947265625 1037 4688997.5 227000.171875 252969.421875 339999.90625 36261 9.60000038146973 57.9000015258789 0.0414893254637718
"276" 1.35000002384186 8.60000038146973 11704.3955078125 57.3122482299805 0.311343938112259 25.478099822998 0.200000002980232 19.6700000762939 1.86199998855591 0.183345004916191 7728.10009765625 1095 4726000 220999.71875 250284.546875 338999.78125 36523 7.5 59.5000038146973 0.0754379257559776
"277" 1.32000005245209 8 11919.4912109375 57.6473846435547 0.300130277872086 25.3006992340088 0.200000002980232 21 1.84800004959106 0.187637999653816 7614.015625 1101 4762007.5 219999.671875 247628.171875 335000.15625 36258 7.19999980926514 60.1000022888184 0.0303715523332357
"278" 1.24000000953674 8 12371.5166015625 58.0325202941895 0.29238697886467 25.1245994567871 0.200000002980232 21 0 0.174572005867958 8165 1230 4800000 233000.046875 244999.984375 307999.90625 39192 7 60.7000007629395 0.0429536998271942
"279" 1.21000003814697 6.59999990463257 12876 59.2391319274902 0.283322989940643 24.9496994018555 0.200000002980232 21 0 0.168928995728493 8676.8427734375 1248 4854992 233999.953125 241999.890625 304999.78125 42126.00390625 6.19999980926514 61.5 0.078576534986496
"280" 1.17999994754791 5.80000019073486 13352.26171875 59.2045135498047 0.272688150405884 24.7759990692139 0.200000002980232 21 0 0.168742001056671 9028.1826171875 1266 4895005 228000.15625 224999.96875 310999.8125 44193 5.5 62.3000030517578 0.0394782237708569
"281" 1.55999994277954 6.90000009536743 13942.720703125 62.6551094055176 0.433174222707748 18.2049007415771 0.52539998292923 19 11.3177995681763 0.208685994148254 8144.78759765625 4213 15374004 767000.1875 842419.25 1186999.25 125218 9.69999980926514 57.7999992370605 -0.0160661116242409
"282" 1.48000001907349 8 13692.66015625 62.3161430358887 0.416284412145615 17.9622993469238 0.538600027561188 19 11.1786003112793 0.200634002685547 8338.572265625 3823 15816016 759000.8125 843562.0625 1196000.75 131883 9.60000038146973 57.9000015258789 -0.00256053218618035
"283" 1.48000001907349 5.90000009536743 14039.560546875 64.5558624267578 0.418846160173416 17.722900390625 0.552100002765656 19 7.12529993057251 0.193534001708031 8564.12890625 3912 16083013 748999.4375 844706.5 1188999.375 137737 7.5 59.5000038146973 0.0492318905889988
"284" 1.37000000476837 7 14270.126953125 63.9125213623047 0.461440682411194 17.4867000579834 0.565999984741211 19 7.00040006637573 0.184567004442215 8751.5458984375 3678 16370022 750999.625 845852.5 1175001 143263 7.19999980926514 60.1000022888184 0.0252270121127367
"285" 1.21000003814697 8.89999961853027 13950.46484375 62.0016746520996 0.449535608291626 17.2537002563477 0.580200016498566 19.6700000762939 6.86660003662109 0.175311997532845 8821.6962890625 3567 16688968 813999.625 847000.0625 1122999.75 147225 7 60.7000007629395 -0.0388001017272472
"286" 1.12999999523163 8.39999961853027 13889 62.9358406066895 0.435600012540817 17.0237007141113 0.594799995422363 21 6.82569980621338 0.167623996734619 9005.0478515625 3261 16789028 814998.8125 829991.8125 1100999.75 151186 6.19999980926514 61.5 -0.0330688282847404
"287" 1.0900000333786 7.30000019073486 14038.4990234375 64.1301651000977 0.419249296188354 16.7968006134033 0.60970002412796 21 6.82569980621338 0.155517995357513 9290.322265625 3393 16840966 790000.5625 778000.375 1066000.75 156458 5.5 62.3000030517578 0.0236797202378511
"288" 0.910000026226044 7.80000019073486 10788.783203125 61.160270690918 0.35684010386467 0.699999988079071 65.9164962768555 21 1.60459995269775 0.240700006484985 7012.18310546875 295 1558002.625 73000.078125 87822.1015625 129000.15625 10925 9.69999980926514 57.7999992370605 -0.0094778761267662
"289" 0.839999973773956 9.19999980926514 10779.81640625 60.0382385253906 0.629254579544067 0.699999988079071 65.1869964599609 21 1.60500001907349 0.232819005846977 7035.0908203125 283 1595004.25 72000.046875 87107.9140625 127000.2578125 11221 9.60000038146973 57.9000015258789 0.0409858450293541
"290" 0.860000014305115 6.5 11120.87890625 62.6666679382324 0.877348363399506 0.699999988079071 64.4655990600586 21 1.84839999675751 0.218514993786812 7184.841796875 315 1623000.25 71999.8984375 86399.53125 125000 11661 7.5 59.5000038146973 0.0748267769813538
"291" 0.889999985694885 5.90000009536743 11284.9580078125 64.6284103393555 0.845748901367188 0.699999988079071 63.7522010803223 21 1.85409998893738 0.214632004499435 7317.34423828125 303 1644995.75 72999.890625 85696.90625 122000.0078125 12037 7.19999980926514 60.1000022888184 0.0275272019207478
"292" 0.889999985694885 6 11339.525390625 65.8310089111328 0.823928773403168 0.699999988079071 63.0466995239258 21 1.83290004730225 0.20744900405407 7426.68359375 313 1663999.75 82000 85000 121000.125 12358 7 60.7000007629395 0.00934749096632004
"293" 0.839999973773956 6.40000009536743 11389 65.2253952026367 0.798386991024017 0.699999988079071 62.3489990234375 21 1.19050002098083 0.194580003619194 7547.00341796875 296 1680004.5 83999.9140625 83999.328125 119999.8515625 12679 6.19999980926514 61.5 -0.0062180426903069
"294" 0.819999992847443 4.90000009536743 11735.322265625 65.8158569335938 0.768418669700623 0.699999988079071 61.6590003967285 21 1.19050002098083 0.183351993560791 7847.94482421875 297 1689996.625 84000.0234375 83999.8515625 111000.1171875 13263 5.5 62.3000030517578 0.0374377779662609
"295" 2.39000010490417 6.90000009536743 12064.439453125 63.5658912658691 0.711515486240387 0.106700003147125 0.281399995088577 18 0.273299992084503 0.188731998205185 7678.83740234375 107 520000.59375 26000.025390625 32127.525390625 42000.0390625 3993 9.69999980926514 57.7999992370605 0.000128046216559596
"296" 2.30999994277954 6.90000009536743 12186.9267578125 63.0102043151855 0.683772921562195 0.109999999403954 0.272599995136261 18 0.285699993371964 0.186243996024132 7906.68359375 94 524998.875 25000 31841.85546875 41999.99609375 4151 9.60000038146973 57.9000015258789 0.06707863509655
"297" 2.24000000953674 5.19999980926514 12680.2197265625 64.3939361572266 0.655219793319702 0.113300003111362 0.263999998569489 18 0.506600022315979 0.175201997160912 8307.5341796875 114 530000.8125 25000 31558.728515625 40999.9609375 4403 7.5 59.5000038146973 0.060548260807991
"298" 2.13000011444092 4.80000019073486 13112.2880859375 65.9204025268555 0.631620764732361 0.116700001060963 0.255699992179871 18 0.339800000190735 0.173699006438255 8762.60546875 115 535000.6875 24000.0234375 31278.115234375 40999.98828125 4688 7.19999980926514 60.1000022888184 0.0575088337063789
"299" 2.02999997138977 4.69999980926514 13740.9697265625 68.3046722412109 0.615325093269348 0.120099999010563 0.247600004076958 19.5 0.340299993753433 0.169052004814148 8990.76953125 109 540999.3125 27000.02734375 31000 35000.01171875 4864 7 60.7000007629395 0.0629428029060364
"300" 1.92999994754791 3.59999990463257 14325 69.0072631835938 0.596249997615814 0.123599998652935 0.23989999294281 21 0.335900008678436 0.169162005186081 9195.244140625 119 548000.6875 26000.025390625 29999.998046875 35000.0234375 5039 6.19999980926514 61.5 0.104767769575119
"301" 1.82000005245209 2.79999995231628 14727.623046875 68.9573440551758 0.573869109153748 0.12729999423027 0.232299998402596 21 0.335900008678436 0.159199997782707 9969.486328125 129 556999.625 25000 28000.05859375 37999.984375 5553 5.5 62.3000030517578 0.0577719137072563
"302" 1.70000004768372 7.69999980926514 13878.28125 60.8457679748535 0.758949875831604 12.7081003189087 0.52539998292923 21 0 0.208276003599167 7547.8310546875 881 5488994 282000.0625 315716.34375 425999.84375 41430 9.69999980926514 57.7999992370605 0.00674594705924392
"303" 1.62000000476837 6.09999990463257 14299.3115234375 62.6408653259277 0.729357779026031 12.6132001876831 0.538600027561188 21 0 0.202383995056152 7609.12548828125 901 5558983 274000.5625 313002.46875 427000.1875 42299 9.60000038146973 57.9000015258789 0.0720425099134445
"304" 1.58000004291534 5 14906.59375 64.8928451538086 0.698901057243347 12.519100189209 0.552100002765656 21 0 0.197190999984741 7900.44384765625 1013 5636012.5 267000.0625 310311.90625 427999.5 44527 7.5 59.5000038146973 0.0692306235432625
"305" 1.51999998092651 5.59999990463257 15323.0927734375 64.0246810913086 0.673728764057159 12.4256000518799 0.565999984741211 21 0 0.184192001819611 8399.5791015625 976 5706000.5 264000.40625 307644.5 425000.28125 47928.00390625 7.19999980926514 60.1000022888184 0.0494879819452763
"306" 1.45000004768372 5 15915.376953125 64.0148849487305 0.65634673833847 12.3329000473022 0.580200016498566 21 0 0.180501997470856 8866.4169921875 1126 5795013 269000.34375 304999.96875 401000.03125 51381 7 60.7000007629395 0.06394974142313
"307" 1.38999998569489 4.19999980926514 16486 65.3014755249023 0.635999977588654 12.2407999038696 0.594799995422363 21 0 0.175822004675865 9287.623046875 1021 5903986.5 266999.65625 303000.6875 399000.28125 54834 6.19999980926514 61.5 0.0780921429395676
"308" 1.33000004291534 3.90000009536743 17011.548828125 66.5030136108398 0.612127006053925 12.1493997573853 0.60970002412796 21 0 0.163499996066093 9551.6279296875 1071 6014995.5 257999.671875 293000.28125 416000.40625 57453 5.5 62.3000030517578 0.0520566366612911
"309" 1.89999997615814 12.1000003814697 14342.482421875 56.3331260681152 0.231758952140808 1.15015995502472 2.65721011161804 21 0 0.183850005269051 7306.6826171875 748 4278001.5 202000.265625 219551.96875 314001.3125 31258 9.69999980926514 57.7999992370605 -0.0328208431601524
"310" 1.80999994277954 11.1999998092651 14534.4033203125 57.6717910766602 0.231558486819267 1.17610001564026 2.73948001861572 21 0 0.179464995861053 8395.81640625 698 4305001 194999.90625 217124 307995.1875 36143.99609375 9.60000038146973 57.9000015258789 0.0425708964467049
"311" 1.75 9.5 14758.2421875 57.5635452270508 0.221889019012451 1.20261001586914 2.8243100643158 21 0 0.171880006790161 7874.92822265625 746 4348992 192000 214722.875 300998.4375 34248 7.5 59.5000038146973 0.0483051091432571
"312" 1.67999994754791 8.10000038146973 14909.9580078125 58.944465637207 0.213897243142128 1.22973001003265 2.91175007820129 21 0 0.16652899980545 7796.56396484375 744 4408993.5 193999.96875 212348.3125 295002.125 34375 7.19999980926514 60.1000022888184 0.0270919892936945
"313" 1.5900000333786 8.19999980926514 15375.64453125 60.637020111084 0.208378747105598 1.2574599981308 3.00190997123718 21 0 0.16041499376297 8166.6845703125 703 4463010.5 202999.953125 210000 288999 36448 7 60.7000007629395 0.0546684898436069
"314" 1.53999996185303 7.59999990463257 15630 61.4004135131836 0.201919004321098 1.2858099937439 3.0948600769043 21 0 0.15531399846077 8488.326171875 780 4537997 198999.9375 206998.03125 284998.71875 38520 6.19999980926514 61.5 0.0166498553007841
"315" 1.49000000953674 6.19999980926514 15854.66796875 62.4964065551758 0.194339752197266 1.31480002403259 3.19068002700806 21 0 0.144180998206139 8995.921875 778 4647995 191999.734375 206999.984375 278997.96875 41813 5.5 62.3000030517578 0.0375805757939816
"316" 1.04999995231628 13.8999996185303 10748.2099609375 45.5228996276855 0.476363956928253 1.54847002029419 0.380650013685226 18 0 0.201276004314423 5574.712890625 450 1960997.875 97999.9609375 100136.3046875 138001.15625 10932 9.69999980926514 57.7999992370605 -0.0280918627977371
"317" 0.930000007152557 18 10451.8349609375 42.9931983947754 0.45779013633728 1.57327997684479 0.371329993009567 18.5 0 0.195664003491402 5958.21728515625 425 1963003.25 96000.1328125 98565.65625 134999.890625 11696 9.60000038146973 57.9000015258789 -0.0277932770550251
"318" 0.850000023841858 15 10641.7578125 44.4141693115234 0.438673615455627 1.59850001335144 0.362230002880096 19 0 0.192053005099297 6494.61083984375 438 1951002.125 93999.984375 97019.6484375 131999.15625 12671 7.5 59.5000038146973 0.0143559910356998
"319" 0.810000002384186 13 10669.4912109375 45.3861923217773 0.422873914241791 1.62411999702454 0.353359997272491 19 0 0.179933995008469 6541.31787109375 420 1936001.25 92000.109375 95497.890625 127999.9921875 12664 7.19999980926514 60.1000022888184 -0.00838430970907211
"320" 0.810000002384186 11.8000001907349 10888.544921875 44.9862632751465 0.411963880062103 1.6501499414444 0.344709992408752 19.6700000762939 0 0.173934996128082 6887.31494140625 440 1917002.5 94999.9140625 94000 122000.8125 13203 7 60.7000007629395 -0.00283215846866369
"321" 0.790000021457672 10.8000001907349 10992 46.1379318237305 0.399192988872528 1.67659997940063 0.33627000451088 21 0 0.171170994639397 7244.076171875 471 1896998.25 92999.9921875 91999.640625 119000.3984375 13742 6.19999980926514 61.5 0.00635894015431404
"322" 0.790000021457672 9.89999961853027 11294.513671875 46.1805534362793 0.384208858013153 1.70346999168396 0.328029990196228 21 0 0.162937000393867 7400.8662109375 460 1875996.625 90999.9140625 87000.1640625 115000.2109375 13884 5.5 62.3000030517578 0.0253461375832558
"323" 2.21000003814697 10.6999998092651 13213.603515625 61.6515808105469 0.173031017184258 0.233309999108315 0.233309999108315 18 1.79430997371674 0.210804000496864 6909.8232421875 770 4745997 251000.25 269586.125 362003.25 32794 9.69999980926514 57.7999992370605 -0.0286930222064257
"324" 2.17000007629395 10.3999996185303 13291.2841796875 61.3559303283691 0.166284397244453 0.251980006694794 0.251980006694794 18 1.99916005134583 0.20516200363636 7184.74609375 725 4747001.5 240000.40625 264019.53125 356997.46875 34106 9.60000038146973 57.9000015258789 0.0160479657351971
"325" 2.13000011444092 7.30000019073486 13818.681640625 62.2784805297852 0.159340649843216 0.272159993648529 0.272159993648529 18.5 2.10742998123169 0.196950003504753 7426.94091796875 822 4761987.5 231000.21875 258567.890625 350998.3125 35367 7.5 59.5000038146973 0.0596980080008507
"326" 2.01999998092651 7.19999980926514 13952.330078125 61.6288833618164 0.153601691126823 0.293949991464615 0.293949991464615 19 1.99452996253967 0.188972994685173 7681.4892578125 744 4774985.5 225000.484375 253228.8125 340995.59375 36679 7.19999980926514 60.1000022888184 0.00662004109472036
"327" 1.75 7 14351.9091796875 62.2110824584961 0.149638801813126 0.317479997873306 0.317479997873306 19.6700000762939 1.98073995113373 0.182182997465134 8036.3720703125 747 4783004 228000.21875 247999.984375 305997.53125 38438 7 60.7000007629395 0.0305493101477623
"328" 1.67999994754791 6.09999990463257 14720 64.7042541503906 0.144999995827675 0.342900007963181 0.342900007963181 21 1.86441004276276 0.176360994577408 8361.978515625 797 4806996.5 222000.21875 239997.65625 296003.9375 40196 6.19999980926514 61.5 0.0322504453361034
"329" 1.64999997615814 4.30000019073486 14941.2900390625 67.4431304931641 0.139557257294655 0.370350003242493 0.370350003242493 21 1.86441004276276 0.164296001195908 8745.1904296875 807 4855011.5 213000.234375 219998.28125 310000.78125 42458 5.5 62.3000030517578 0.0401723608374596
"330" 2.19000005722046 5.80000019073486 14600.23828125 67.3184356689453 0.0536992847919464 2.45981001853943 8.57793045043945 19 0 0.233667999505997 10354.9111328125 201 509999.5625 22999.98046875 25670.91015625 40000 5281 9.69999980926514 57.7999992370605 -0.071417011320591
"331" 1.99000000953674 8.39999961853027 13574.541015625 66.3911819458008 0.0516055077314377 2.54382991790771 8.56692028045654 19 0 0.220633000135422 9804.2548828125 173 516000.46875 22999.994140625 25242.580078125 40000 5059 9.60000038146973 57.9000015258789 -0.105678491294384
"332" 1.9099999666214 6.30000019073486 13456.0439453125 66.0220947265625 0.0494505502283573 2.63071990013123 8.55593013763428 19 0 0.208333000540733 9994.1552734375 157 512999.8125 21999.94140625 24821.3984375 36999.83984375 5127 7.5 59.5000038146973 -0.0166783593595028
"333" 1.87999999523163 7.09999990463257 13595.3388671875 65.0838012695312 0.047669492661953 2.72057008743286 8.54493999481201 19 0 0.191962003707886 10611.0107421875 152 508999.5625 22000.021484375 24407.244140625 35000.21875 5401 7.19999980926514 60.1000022888184 -0.0121260806918144
"334" 1.70000004768372 9 13126.9345703125 63.9664840698242 0.0464396290481091 2.81349992752075 8.53396987915039 19 0 0.168026000261307 10619.3310546875 168 506999.9375 23000.005859375 23999.998046875 34999.7890625 5384 7 60.7000007629395 -0.109975852072239
"335" 1.5900000333786 8.60000038146973 12719 62.8571434020996 0.0450000017881393 2.90960001945496 8.52301979064941 19 0 0.149312004446983 10953.0498046875 129 490000.53125 22000.021484375 22999.916015625 32999.671875 5367 6.19999980926514 61.5 -0.123641468584538
"336" 1.54999995231628 6.30000019073486 13098.1708984375 64.6376800537109 0.0433108769357204 3.00899004936218 8.51208019256592 19.5 0 0.131242007017136 11812.115234375 155 478999.71875 21000.021484375 20999.962890625 30000.15625 5658 5.5 62.3000030517578 -0.0170231945812702
