-.4245965661473921
-.3724280587855511
-.4702904124760804
.6275359084274006
1.9491654742927969
.5272965468802994
1.587280586527159
.81652266695337
-1.1826407748693262
-.4673092800725011
.29106683867721284
-.4640770152096323
.9002847807665328
-1.0660435673275548
1.4958678529255414
.9281691409056817
1.1566383295329454
1.2301334195456
.40718760396800746
-.7607711455103895
-1.887010477449695
-.5552245791500483
.012707500112361072
.3910317998767973
-.4111536647373957
-.412154752867503
.8035457043494758
-.7777286158422241
1.0587552089391692
-2.0408157864577845
-.8174685195709606
.08139228632124398
.8025405210571607
-.2797037584404912
.7600302465991402
.6350429994793265
-.16199778176640162
.12567587164429622
.9422696768539042
-1.3087004783407812
-.11007714376004893
2.013267770056451
.21703735673489574
.33130405731067963
1.692155876572452
.8655041819503516
-.6076210620426531
1.6497705016236845
.3665345118365738
.34998331082759077
